0.000779265917131
-0.999999689712
-0.000115415217641
2.1094278347
-0.999999696269
-0.000779264253929
-1.44548574444e-05
0.916760552836
1.43649140057e-05
0.000115426446763
-0.999999993235
1.27475004353
0.0
0.0
0.0
1.0
0.000825105979082
-0.999847717022
0.0174316369293
2.09324481411
-0.999999643265
-0.000828131328017
-0.000166337389065
0.917047404889
0.000180747743351
-0.0174314934648
-0.999848043638
1.31156274226
0.0
0.0
0.0
1.0
0.000818641285648
-0.999402558945
0.0345522068784
2.07670725689
-0.999999664693
-0.000818878170276
7.29540414695e-06
0.91681903527
2.10030023746e-05
-0.0345522012652
-0.999402894206
1.34735184819
0.0
0.0
0.0
1.0
0.000846292840641
-0.998618968797
0.0525303621378
2.05876160485
-0.999999641601
-0.000846395262072
2.02963292499e-05
0.916857350746
2.41931502425e-05
-0.0525303604876
-0.998619327192
1.38458252946
0.0
0.0
0.0
1.0
0.000804147162808
-0.997577088986
0.0695651125048
2.04129468026
-0.999999671276
-0.000809426820428
-4.77071434796e-05
0.916898791822
0.000103899421144
-0.0695650512735
-0.997577411957
1.41952511435
0.0
0.0
0.0
1.0
0.000831025825003
-0.996179844232
0.0873214025408
2.0221416339
-0.999999654322
-0.000830245941968
4.52496693512e-05
0.916826369107
2.74214315406e-05
-0.0873214099594
-0.996180189831
1.45577571927
0.0
0.0
0.0
1.0
0.000837849085145
-0.994534781874
0.104402421677
2.00329648056
-0.999999649001
-0.000833523344612
8.50634803121e-05
0.916774930998
2.42326586393e-06
-0.104402456302
-0.99453513116
1.49032222204
0.0
0.0
0.0
1.0
0.000878745864595
-0.99254094908
0.121908540329
1.98306484006
-0.999999613598
-0.000875202779112
8.26105209787e-05
0.916878421843
2.47003683969e-05
-0.121908565817
-0.992541334641
1.52548258823
0.0
0.0
0.0
1.0
0.000852178029154
-0.990264361375
0.139196869154
1.96271657455
-0.999999636666
-0.000840893493948
0.000139880019412
0.916743654213
-2.14684564421e-05
-0.139196937782
-0.990264718169
1.55992658844
0.0
0.0
0.0
1.0
0.00083449296357
-0.987690438216
0.156418994624
1.94175425993
-0.999999651797
-0.000823417581561
0.000135603742257
0.916733728152
-5.13636935053e-06
-0.156419053319
-0.987690781435
1.59391392439
0.0
0.0
0.0
1.0
0.00085818522697
-0.984737406298
0.174044546467
1.91933370414
-0.999999631636
-0.000847812008569
0.000133946814032
0.916780199533
1.56546182888e-05
-0.174044597306
-0.984737771137
1.62843372723
0.0
0.0
0.0
1.0
0.000899501402025
-0.981596769672
0.190963275702
1.89754801251
-0.999999595281
-0.000886444195296
0.000153800668083
0.916849952868
1.83080482973e-05
-0.190963336759
-0.981597169759
1.66125160808
0.0
0.0
0.0
1.0
0.000905015083826
-0.978128213449
0.208000911062
1.87481468808
-0.999999590293
-0.000889178649477
0.000169633820373
0.916855658055
1.90263435266e-05
-0.208000979364
-0.978128617423
1.6940644487
0.0
0.0
0.0
1.0
0.000834756798504
-0.974331112082
0.225118162774
1.85130446183
-0.999999651498
-0.000816385967761
0.00017469163416
0.916639094616
1.35758149945e-05
-0.225118230145
-0.974331454009
1.72676621363
0.0
0.0
0.0
1.0
0.00092715698535
-0.970286790756
0.241955954803
1.82755554683
-0.999999570136
-0.000897095681749
0.000234408352541
0.916747542838
-1.03856858862e-05
-0.241956068128
-0.970287205413
1.75864589386
0.0
0.0
0.0
1.0
0.000895526571448
-0.965930128389
0.25880143953
1.80306300385
-0.999999599016
-0.000864871951322
0.000232302948099
0.916702870829
-5.5831047055e-07
-0.258801543788
-0.965930515582
1.79029561014
0.0
0.0
0.0
1.0
0.000927006124638
-0.961155859918
0.276004626057
1.77732630995
-0.99999956922
-0.000903998320832
0.0002105850279
0.916834505066
4.71026849198e-05
-0.276004702373
-0.961156283884
1.82216960443
0.0
0.0
0.0
1.0
0.000919133712294
-0.956359803931
0.292190144629
1.75273149059
-0.999999577587
-0.000880269912406
0.000264480389314
0.916682326019
4.26777975093e-06
-0.292190264297
-0.956360209038
1.85201386248
0.0
0.0
0.0
1.0
0.000897183937735
-0.950996458324
0.309200471081
1.72594578386
-0.999999596002
-0.000870316323784
0.000224824475499
0.91674282041
5.5294937359e-05
-0.309200547873
-0.950996854957
1.88304461103
0.0
0.0
0.0
1.0
0.000908352517745
-0.945653709966
0.325174162141
1.70018567944
-0.999999585241
-0.000880589541297
0.000232550377972
0.9168078089
6.64328385988e-05
-0.32517423851
-0.945654117633
1.91192375371
0.0
0.0
0.0
1.0
0.000933006855668
-0.939745893391
0.341872469428
1.67275837648
-0.99999956215
-0.00090143736109
0.000251217622353
0.916802672782
7.20958877172e-05
-0.341872554127
-0.939746322971
1.94177665387
0.0
0.0
0.0
1.0
0.000888760042658
-0.933595206162
0.358328342636
1.64486519229
-0.999999603642
-0.000848775493874
0.000268878977011
0.916696084755
5.31161920144e-05
-0.358328439578
-0.933595590482
1.97095126568
0.0
0.0
0.0
1.0
0.000934353587151
-0.927093760248
0.374828342969
1.61603388427
-0.999999562327
-0.000884319835453
0.000305488575893
0.916722662803
4.82515860404e-05
-0.374828464351
-0.927094180752
1.99989687139
0.0
0.0
0.0
1.0
0.000956701961432
-0.920522260351
0.390688946504
1.58773098728
-0.999999531585
-0.000938020200623
0.000238637511508
0.916916421056
0.000146802982483
-0.390688991804
-0.92052272657
2.02732922324
0.0
0.0
0.0
1.0
0.000876881864908
-0.913554080177
0.406716330716
1.55877101771
-0.999999614982
-0.000814657956953
0.000326142366933
0.916506266417
3.33860050105e-05
-0.406716460111
-0.9135544428
2.05493420513
0.0
0.0
0.0
1.0
0.000943763137973
-0.906312679406
0.422606716061
1.52897451324
-0.999999550776
-0.000892569857166
0.000319008974738
0.916731475782
8.80841375424e-05
-0.422606827285
-0.906313114643
2.08191344522
0.0
0.0
0.0
1.0
0.000911918395026
-0.898670415584
0.438623588695
1.49828316996
-0.999999575134
-0.000878584561542
0.000278963689345
0.916730798032
0.000134671498719
-0.438623656731
-0.898670834967
2.10873736983
0.0
0.0
0.0
1.0
0.000892701911024
-0.89107592404
0.453853391173
1.46867890023
-0.999999599106
-0.000827141565218
0.000342964537962
0.916559574198
6.97935617777e-05
-0.453853515391
-0.891076305204
2.13401205839
0.0
0.0
0.0
1.0
0.000917436834135
-0.882695558656
0.469944368025
1.43608256746
-0.999999553348
-0.00091658285954
0.000230607732484
0.916902497654
0.000227186531414
-0.469944369691
-0.882696005305
2.16030865925
0.0
0.0
0.0
1.0
0.00093172081722
-0.874843353037
0.484405036662
1.40670288815
-0.999999565692
-0.000804151720711
0.000471121494613
0.916336806746
-2.2622364282e-05
-0.484405265235
-0.87484372233
2.18389998213
0.0
0.0
0.0
1.0
0.000955650062287
-0.865969008366
0.500096753921
1.3735982845
-0.999999537497
-0.000881745069176
0.000384097108418
0.916632610032
0.000108341654787
-0.500096889687
-0.865969450493
2.20886814355
0.0
0.0
0.0
1.0
0.00097545514909
-0.857028050594
0.51526883176
1.34099331035
-0.999999520246
-0.000882065723575
0.000425990473343
0.91658176474
8.94151899811e-05
-0.515269000092
-0.857028499846
2.23279972576
0.0
0.0
0.0
1.0
0.00100462246196
-0.848114024661
0.52981278949
1.30919503117
-0.999999495169
-0.000841488130765
0.0005491450476
0.91632645572
-1.99064425595e-05
-0.529813073707
-0.848114441884
2.2554973019
0.0
0.0
0.0
1.0
0.000976600725905
-0.838780351989
0.544469069248
1.27625056603
-0.999999522443
-0.000839261416669
0.000500752546725
0.916396639777
3.69304849882e-05
-0.544469298269
-0.838780771047
2.27791080079
0.0
0.0
0.0
1.0
0.000999784164867
-0.82912082271
0.55906856626
1.2425678485
-0.999999499013
-0.000856357010561
0.000518291051126
0.916420292426
4.90363833885e-05
-0.559068804354
-0.829121263504
2.29997780764
0.0
0.0
0.0
1.0
0.00104711033937
-0.819126235251
0.57361233798
1.20831442627
-0.999999450972
-0.000880775167291
0.000567706961711
0.916431155459
4.01998366726e-05
-0.573612617503
-0.819126707796
2.32168745308
0.0
0.0
0.0
1.0
0.00108438598808
-0.808731253852
0.588177339882
1.17297398476
-0.999999404882
-0.00094742052795
0.000540953773075
0.916618217505
0.000119765062704
-0.588177576449
-0.80873179993
2.34288081777
0.0
0.0
0.0
1.0
0.00102514424448
-0.798573325699
0.601896662693
1.13931578071
-0.999999469885
-0.000876723820258
0.000539985456504
0.916471173052
9.64791596874e-05
-0.601896897182
-0.798573801132
2.36265470271
0.0
0.0
0.0
1.0
0.00108516276069
-0.788000458086
0.615673696432
1.10442041773
-0.999999403865
-0.000929735316399
0.000572592690914
0.916542836782
0.000121210276215
-0.615673950764
-0.788000997245
2.3821584368
0.0
0.0
0.0
1.0
0.00109795488436
-0.77703088906
0.6294615095
1.06884365848
-0.999999394472
-0.000900042766798
0.000633228850734
0.916419033084
7.45039017396e-05
-0.6294618236
-0.777031406752
2.40134559366
0.0
0.0
0.0
1.0
0.00106585568423
-0.766112789048
0.642705265584
1.03387495721
-0.99999942998
-0.000857167856847
0.000636633681242
0.916291159206
6.3173089947e-05
-0.642705577789
-0.766113265965
2.4194245436
0.0
0.0
0.0
1.0
0.00101853388495
-0.754706137296
0.65606219897
0.997766801583
-0.999999479791
-0.000804667773089
0.000626839419975
0.916199088997
5.48325512984e-05
-0.656062496137
-0.754706564272
2.43729506421
0.0
0.0
0.0
1.0
0.00107869973878
-0.743005743177
0.669284171345
0.960983796765
-0.999999415665
-0.000849165201692
0.000669019985625
0.91626023076
7.1247136729e-05
-0.66928450193
-0.743006225007
2.45455203481
0.0
0.0
0.0
1.0
0.00109402822528
-0.731642140947
0.681688037663
0.92580646441
-0.999999398365
-0.000854853841406
0.000687382565716
0.916246305875
7.98255856067e-05
-0.681688379551
-0.731642636
2.47049067714
0.0
0.0
0.0
1.0
0.0011684560691
-0.719351212862
0.694645569527
0.88805092989
-0.999999309074
-0.000929926619689
0.00071908818245
0.916387483994
0.000128692450153
-0.694645929802
-0.719351802422
2.48662807737
0.0
0.0
0.0
1.0
0.00109402037672
-0.707053048543
0.707159663489
0.8509231728
-0.999999399896
-0.000814317662089
0.000732866934434
0.916097671681
5.76768037284e-05
-0.707160040891
-0.707053515118
2.50197022154
0.0
0.0
0.0
1.0
0.00107957318575
-0.694733207295
0.719266713538
0.814061098007
-0.999999416397
-0.000720116625024
0.000805380830615
0.915812795743
-4.15688893026e-05
-0.719267163239
-0.694733579265
2.5164473505
0.0
0.0
0.0
1.0
0.00117751349598
-0.682008494036
0.731343303466
0.77612025654
-0.999999303137
-0.000865075436214
0.000803348956849
0.916155672167
8.47763150227e-05
-0.731343739775
-0.682009037407
2.53029872412
0.0
0.0
0.0
1.0
0.00121268205137
-0.669218466307
0.743064717071
0.73858187593
-0.99999926265
-0.000763959216477
0.000943962922621
0.915730702298
-6.40462802815e-05
-0.743065313899
-0.669218899298
2.54358030962
0.0
0.0
0.0
1.0
0.00118408998344
-0.655920079616
0.754829415886
0.69974982565
-0.999999281544
-0.000917567234807
0.000771350912882
0.91633398218
0.000186662187696
-0.754829786923
-0.655920694849
2.55618399685
0.0
0.0
0.0
1.0
0.00114474133882
-0.642804770586
0.766029187746
0.661998091591
-0.999999335118
-0.000842349467988
0.00078753437967
0.916120474218
0.000139033422509
-0.766029579951
-0.642805307469
2.56794390163
0.0
0.0
0.0
1.0
0.00118336791358
-0.629334245836
0.777133840891
0.623549548498
-0.999999299573
-0.000761998976608
0.000905654851736
0.91578575735
2.22155783416e-05
-0.777134368289
-0.629334706758
2.57932152862
0.0
0.0
0.0
1.0
0.00111057297135
-0.615691787021
0.787986287966
0.585043912444
-0.999999382852
-0.000707711299555
0.00085641116039
0.915722292515
3.03814821224e-05
-0.787986752769
-0.615692193013
2.58985278386
0.0
0.0
0.0
1.0
0.00117735543865
-0.601834673691
0.798619834075
0.546119628616
-0.99999930689
-0.000714420609682
0.00093585395231
0.915638353803
7.32111075336e-06
-0.798620382376
-0.60183509768
2.59979365314
0.0
0.0
0.0
1.0
0.00106183366173
-0.588007010182
0.808855134425
0.507790273529
-0.999999435607
-0.000653469533692
0.000837712918972
0.915635673543
3.59811186416e-05
-0.808855567425
-0.588007372191
2.60884021949
0.0
0.0
0.0
1.0
0.00112634111386
-0.573548734233
0.819170666477
0.467872897618
-0.999999364114
-0.00069181577655
0.000890596263426
0.91568380482
5.59148311551e-05
-0.819171148693
-0.573549148742
2.6174975699
0.0
0.0
0.0
1.0
0.0011504678205
-0.559000516711
0.829166508453
0.427996161519
-0.999999309592
-0.000841488457385
0.000820190560991
0.91612942146
0.000239247098719
-0.829166879593
-0.559001098878
2.62525797556
0.0
0.0
0.0
1.0
0.00112907839818
-0.544662599083
0.838654504753
0.389300462994
-0.999999361911
-0.000645900318007
0.000926817810398
0.915519939749
3.68842138298e-05
-0.838655016066
-0.544662980812
2.63247794537
0.0
0.0
0.0
1.0
0.00123437775828
-0.529681980395
0.848195423211
0.348728997065
-0.99999920734
-0.00086439624124
0.000915498534521
0.916093965542
0.000248253858846
-0.848195880952
-0.529682627529
2.63888208798
0.0
0.0
0.0
1.0
0.00119924468041
-0.51501971709
0.857177492017
0.309778992289
-0.999999268556
-0.000752350831961
0.000947024738939
0.915781050966
0.000157161786131
-0.857178000754
-0.515020242635
2.64465258286
0.0
0.0
0.0
1.0
0.00122355478103
-0.499856615894
0.866107306551
0.269663130721
-0.999999226003
-0.000807020441651
0.000946948860587
0.915911886092
0.000225627648172
-0.86610779483
-0.49985721644
2.64970507538
0.0
0.0
0.0
1.0
0.00116765896472
-0.484779966776
0.874635364244
0.230317404712
-0.999999312358
-0.00066129568427
0.000968489609004
0.915541420774
0.000108888231209
-0.874635893673
-0.484780405588
2.65417108741
0.0
0.0
0.0
1.0
0.00126392516404
-0.469403872908
0.88298267627
0.19018593665
-0.999999188866
-0.000732232019878
0.0010421626806
0.915619547542
0.000157352990089
-0.882983277268
-0.469404417645
2.65782358762
0.0
0.0
0.0
1.0
0.00117480958587
-0.454150263265
0.890924327987
0.15093854177
-0.999999308821
-0.000575139534973
0.00102546195445
0.915231143244
4.66919871117e-05
-0.890924916921
-0.454150625045
2.66087337483
0.0
0.0
0.0
1.0
0.00121783887058
-0.438434566767
0.898762286443
0.110579507848
-0.999999245703
-0.00067735788485
0.00102458776372
0.91552390018
0.000159569029028
-0.898762856292
-0.43843506097
2.66306709047
0.0
0.0
0.0
1.0
0.00124004339344
-0.422567465565
0.906330623635
0.0702234070488
-0.999999199318
-0.000752672156634
0.00101727516525
0.915713603349
0.000252302436754
-0.906331159417
-0.422568060569
2.66462191687
0.0
0.0
0.0
1.0
0.00128083506386
-0.406619399475
0.913596750997
0.029906387142
-0.999999141498
-0.000773444901843
0.00105772734163
0.915748602114
0.000276524292939
-0.913597321446
-0.406620041046
2.66549591344
0.0
0.0
0.0
1.0
0.00124505333816
-0.390582135859
0.920567240885
-0.0102160678376
-0.999999192365
-0.000721198559873
0.00104649070262
0.915625548959
0.000255171194608
-0.920567800339
-0.390582718341
2.66569624202
0.0
0.0
0.0
1.0
0.00120614046024
-0.374675607005
0.927155183743
-0.0495326789266
-0.999999272278
-0.000427929672879
0.00112797166094
0.914800454793
-2.58662522614e-05
-0.927155869523
-0.374675850488
2.66543365645
0.0
0.0
0.0
1.0
0.00131176270066
-0.358362795029
0.933581483545
-0.0900109000974
-0.999999128689
-0.000608245485772
0.00117160529064
0.915192977871
0.000147986976342
-0.933582206973
-0.358363280657
2.66408669274
0.0
0.0
0.0
1.0
