0.924788211712
0.917867093614
0.907599797861
0.899964451723
0.883301427721
0.862400103118
0.835391662173
0.80796664243
0.781097382305
0.742717124661
0.716139259068
0.683225975885
0.711070108558
0.623459692408
0.598716228567
0.591970637471
0.565486371673
0.558687855522
0.529208814046
0.524165671459
0.499506657065
0.487805033524
0.494577022131
0.469538075925
0.458363229782
0.457186252627
0.442439886292
0.442209449899
0.440813127221
0.427194389664
0.424012709192
0.426763921188
0.413949349101
0.403946825038
0.389872014558
0.384314497443
0.386057572011
0.38346675835
0.383068328144
0.367328761393
0.352623465463
0.351147704553
0.330107477957
0.335894094194
0.328411260158
0.377317647471
0.349585446136
0.347816284084
0.383999446113
0.39176733788
0.352369390509
0.396120403577
0.39945093578
0.39716143777
0.361649946225
0.895855033778
0.391240445772
0.380234362169
0.815119630454
0.830981862672
0.252343165234
0.805290750122
0.638566004715
0.812362017521
0.933744361516
0.595071231331
0.789940648434
0.797760752241
0.874563011296
0.780214858249

