-0.381701053664
-0.381531095802
-0.380969111442
-0.380464084711
-0.378842240965
-0.377314576176
-0.374961255648
-0.372250217014
-0.368840294036
-0.364810927306
-0.360653991866
-0.356287011579
-0.317387043717
-0.347890890236
-0.34346162824
-0.33968587525
-0.335707023101
-0.331978418037
-0.327955696807
-0.324440276387
-0.321156824389
-0.317578172094
-0.314611164116
-0.311603300799
-0.308521296275
-0.305581176792
-0.302577970712
-0.299985713833
-0.297189869838
-0.294295955058
-0.291158559053
-0.28844056742
-0.28522406563
-0.282225752353
-0.278860904205
-0.275739679608
-0.272771830794
-0.269651229911
-0.266352980666
-0.262970616053
-0.259237121814
-0.255505211783
-0.251918684151
-0.248131941823
-0.244216393357
-0.240756739025
-0.236600251803
-0.232359984346
-0.228732379206
-0.224527302852
-0.219594962001
-0.215721175127
-0.21134923269
-0.206937150515
-0.201932117184
-0.233644425947
-0.192811610488
-0.187877842474
-0.175182546397
-0.21729322924
-0.172472888005
-0.160426708556
-0.22649749059
-0.192595986053
-0.181354631301
-0.204190030126
-0.134782469423
-0.131235397016
-0.160964988139
-0.119109607731

