0.00560128615884
0.00510629371627
0.00546872950624
0.00529504975025
0.00629515955111
0.00846130590683
0.00984632905738
0.0128346043799
0.01641029073
0.0209626205448
0.0251454509448
0.0288914050504
0.0182597615613
0.0344989775348
0.0374651295574
0.0394518269945
0.0412478708729
0.042626406333
0.0438491648957
0.0450426598801
0.0452693424668
0.0459531741742
0.0458479880103
0.0459311847294
0.0456044105986
0.0452149084877
0.044724438388
0.0440601818244
0.0431546521803
0.042097595824
0.0415969087971
0.0407082996187
0.0400625787855
0.0390959725771
0.0383205701149
0.0374440805135
0.0366195250682
0.0356464865571
0.0348432970536
0.0339374008346
0.033084124491
0.0323798015929
0.0314861946432
0.0307167276856
0.0299862525254
0.0292536391279
0.02852829257
0.0276194970981
0.0270149215751
0.0263801518778
0.0254512013735
0.024950846268
0.0241920927532
0.0235431844463
0.0230677220615
0.0372079716929
0.0222073367184
0.0217123373524
0.0310671217142
0.0448155127817
0.0206390021611
0.0298895727859
0.0624475943048
0.0454245612105
0.0330531660983
0.0613587132916
0.0283171433664
0.0351875447316
0.0387011969118
0.0274557065678

