0.0707779589215
0.0612767035156
0.0512597602542
0.0406358762567
0.0307253476728
0.019917670466
0.00960325070084
0.000114487379838
-0.00808442434566
-0.0155119620261
-0.0214938934597
-0.0269054753405
-0.0126398741184
-0.0367176803668
-0.040637696924
-0.0444507083873
-0.0480319201354
-0.0516520738366
-0.055044246964
-0.058564830789
-0.0619473992638
-0.0652945177639
-0.0685170651424
-0.0721146947349
-0.0753589148404
-0.0788217611062
-0.0824432341502
-0.0862348365085
-0.089874897267
-0.0936552635703
-0.0973549562618
-0.101449255654
-0.105270837228
-0.109224103542
-0.11311450375
-0.117364768333
-0.121576331374
-0.126064354248
-0.130176376374
-0.134579920554
-0.138763674108
-0.14285845092
-0.147374663532
-0.151476833391
-0.155656022865
-0.159885606394
-0.16398379912
-0.167817000828
-0.172597679475
-0.176625717154
-0.18039556674
-0.18465331284
-0.188801609823
-0.192676280013
-0.196258903257
-0.230692213253
-0.203747308633
-0.207371819502
-0.193801814697
-0.255124026156
-0.217559016694
-0.203024252155
-0.321612286818
-0.272585636367
-0.266976124436
-0.334503208937
-0.216542387119
-0.218088279555
-0.286871940113
-0.223443336611

