0.0299486
0.98364
-0.177641
-0.0313181
0.996111
-0.0441039
-0.076279
-0.0644664
-0.0828657
-0.174665
-0.981135
0.400854
0
0
0
1
0.0225228
0.981978
-0.18765
-0.0298617
0.997928
-0.0333973
-0.0549921
-0.0650332
-0.060268
-0.186023
-0.980695
0.400928
0
0
0
1
0.0226374
0.991002
-0.131922
-0.0297292
0.997373
-0.0314682
-0.0652443
-0.0650827
-0.0688085
-0.130098
-0.989111
0.398497
0
0
0
1
0.0177456
0.981332
-0.191502
-0.0295467
0.997317
-0.0309773
-0.0663227
-0.0652207
-0.0710168
-0.189811
-0.979249
0.400199
0
0
0
1
0.0220938
0.987843
-0.153875
-0.0296097
0.994888
-0.0368944
-0.0940056
-0.0653822
-0.0985399
-0.151011
-0.983608
0.399155
0
0
0
1
0.0196982
0.983253
-0.181176
-0.0296369
0.998681
-0.0279438
-0.0430723
-0.0660133
-0.0474137
-0.180089
-0.982507
0.39849
0
0
0
1
0.0187253
0.983738
-0.178631
-0.0286231
0.993787
-0.0379169
-0.104636
-0.0659681
-0.109708
-0.175562
-0.978336
0.398552
0
0
0
1
0.0171178
0.980914
-0.193688
-0.0282551
0.995923
-0.0338873
-0.0836007
-0.0663097
-0.0885686
-0.191468
-0.977495
0.399033
0
0
0
1
0.0130465
0.973044
-0.230252
-0.0277226
0.988394
-0.047405
-0.144329
-0.0658453
-0.151354
-0.225697
-0.962368
0.400696
0
0
0
1
0.0130465
0.973044
-0.230252
-0.0277226
0.988394
-0.047405
-0.144329
-0.0658453
-0.151354
-0.225697
-0.962368
0.400696
0
0
0
1
0.0138185
0.970267
-0.241641
-0.0278478
0.987189
-0.0516565
-0.150965
-0.0657257
-0.158958
-0.236459
-0.958551
0.399911
0
0
0
1
0.0168015
0.973113
0.229713
-0.0280645
0.998273
-0.0292615
0.0509428
-0.0667819
0.0562948
0.228461
-0.971924
0.376642
0
0
0
1
0.0196355
0.973694
0.227012
-0.0283246
0.998463
-0.0308685
0.0460381
-0.0669162
0.0518345
0.225759
-0.972803
0.377011
0
0
0
1
0.0109779
0.962341
-0.271622
-0.0277297
0.987156
-0.0537269
-0.150454
-0.0661344
-0.159382
-0.266482
-0.950571
0.401885
0
0
0
1
0.0109779
0.962341
-0.271622
-0.0277297
0.987156
-0.0537269
-0.150454
-0.0661344
-0.159382
-0.266482
-0.950571
0.401885
0
0
0
1
0.0169372
0.959593
0.280881
-0.0275909
0.998941
-0.0282566
0.0362986
-0.0673661
0.0427686
0.279968
-0.959056
0.375726
0
0
0
1
0.0154186
0.953137
0.302146
-0.0277641
0.997924
-0.0335687
0.0549702
-0.0670814
0.0625368
0.300671
-0.951675
0.372084
0
0
0
1
0.0136852
0.943792
0.330256
-0.0277726
0.998256
-0.031865
0.0496967
-0.0672651
0.057427
0.329
-0.942582
0.372308
0
0
0
1
0.0154186
0.953137
0.302146
-0.0277641
0.997924
-0.0335687
0.0549702
-0.0670814
0.0625368
0.300671
-0.951675
0.372084
0
0
0
1
0.0122091
0.92827
0.371706
-0.0270153
0.998104
-0.0337398
0.0514753
-0.0671224
0.0603243
0.370372
-0.926922
0.369868
0
0
0
1
0.015003
0.937514
0.347624
-0.027594
0.998085
-0.0349076
0.0510669
-0.0670849
0.0600107
0.346192
-0.936242
0.370826
0
0
0
1
0.0134339
0.925218
0.379197
-0.0269287
0.998162
-0.0348231
0.0496042
-0.0671069
0.0590995
0.377834
-0.923985
0.369784
0
0
0
1
0.00918624
0.911649
0.410867
-0.0259971
0.997599
-0.0365624
0.0588217
-0.0673795
0.068647
0.40934
-0.909796
0.367524
0
0
0
1
0.0103299
0.911457
0.411265
-0.0259891
0.997921
-0.0355607
0.0537456
-0.0675351
0.0636117
0.409855
-0.90993
0.368717
0
0
0
1
0.00721684
0.89653
0.442923
-0.0250161
0.997321
-0.0386968
0.062077
-0.0674576
0.0727936
0.441289
-0.894408
0.366065
0
0
0
1
0.00889547
0.895939
0.444088
-0.0246469
0.997272
-0.0404905
0.0617127
-0.0674585
0.0732722
0.442327
-0.893856
0.36488
0
0
0
1
0.00718705
0.880398
0.474181
-0.0230804
0.997106
-0.0421968
0.0632326
-0.067872
0.0756788
0.472354
-0.878154
0.364075
0
0
0
1
0.00718705
0.880398
0.474181
-0.0230804
0.997106
-0.0421968
0.0632326
-0.067872
0.0756788
0.472354
-0.878154
0.364075
0
0
0
1
0.00555341
0.868399
0.495835
-0.0224342
0.99716
-0.0420505
0.0624784
-0.0678886
0.0751063
0.49408
-0.866166
0.363339
0
0
0
1
0.00510957
0.852494
0.522712
-0.0222772
0.997291
-0.0426982
0.0598881
-0.0678962
0.0733731
0.520991
-0.850403
0.362583
0
0
0
1
0.00654269
0.84713
0.531345
-0.022145
0.997136
-0.0455622
0.0603622
-0.0677202
0.0753439
0.529428
-0.845002
0.361472
0
0
0
1
0.00611656
0.831232
0.555892
-0.0219914
0.997253
-0.0461083
0.0579733
-0.067728
0.0738205
0.55401
-0.82923
0.360777
0
0
0
1
0.00622837
0.829029
0.559171
-0.0219389
0.997007
-0.0482413
0.0604175
-0.0675582
0.0770629
0.557121
-0.826848
0.35971
0
0
0
1
0.00431223
0.814429
0.580247
-0.0215872
0.997201
-0.0468146
0.0582976
-0.0675732
0.0746433
0.578372
-0.812351
0.36028
0
0
0
1
0.000969753
0.790705
0.612196
-0.0203139
0.997219
-0.0463885
0.0583352
-0.0675973
0.0745248
0.610437
-0.788551
0.359131
0
0
0
1
0.00369413
0.78458
0.620017
-0.0201673
0.997392
-0.0475812
0.0542675
-0.0675905
0.0720783
0.618199
-0.78271
0.359128
0
0
0
1
0.00212181
0.77084
0.637026
-0.0194902
0.997165
-0.0495479
0.0566346
-0.0674325
0.0752195
0.635099
-0.768759
0.357582
0
0
0
1
0.00180372
0.756049
0.654513
-0.0187877
0.997246
-0.0498874
0.0548783
-0.0674398
0.0741426
0.652611
-0.754057
0.357075
0
0
0
1
0.00287635
0.735325
0.677709
-0.0185334
0.997178
-0.052952
0.0532215
-0.0672754
0.0750211
0.675643
-0.733402
0.355584
0
0
0
1
0.000806942
0.720689
0.693258
-0.0183885
0.998341
-0.0404935
0.0409338
-0.0673282
0.057573
0.692075
-0.719526
0.355361
0
0
0
1
0.00543991
0.718301
0.695711
-0.0180218
0.997488
-0.0530348
0.0469573
-0.0671716
0.0706264
0.693708
-0.716785
0.355599
0
0
0
1
0.00372149
0.706677
0.707527
-0.0173959
0.997472
-0.0528304
0.0475203
-0.0671795
0.0709604
0.705562
-0.705087
0.355151
0
0
0
1
0.00340056
0.69203
0.721861
-0.0167025
0.99752
-0.0530925
0.0461993
-0.0671844
0.0702967
0.719914
-0.690494
0.354721
0
0
0
1
0.00143228
0.673413
0.739265
-0.0156612
0.998219
-0.0450504
0.0391034
-0.0677264
0.0596369
0.737892
-0.672279
0.353043
0
0
0
1
-9.56944e-07
0.663521
0.748158
-0.0151051
0.997197
-0.0559809
0.0496492
-0.0671417
0.0748258
0.74606
-0.661661
0.35251
0
0
0
1
0.00111823
0.647703
0.761892
-0.0143917
0.997437
-0.0552243
0.0454835
-0.0675967
0.0715348
0.759889
-0.646105
0.353708
0
0
0
1
-0.00195034
0.633944
0.773377
-0.0134932
0.997075
-0.0578595
0.0499424
-0.0675489
0.0764078
0.771212
-0.631976
0.351959
0
0
0
1
0.00208105
0.626793
0.779183
-0.0129694
0.998079
-0.0495516
0.0371948
-0.0681189
0.0619233
0.777608
-0.625692
0.350908
0
0
0
1
0.00450605
0.598574
0.801055
-0.0118727
0.99743
-0.0599698
0.0392006
-0.0681395
0.0715035
0.79882
-0.597306
0.351401
0
0
0
1
-0.000493295
0.575178
0.818028
-0.0109686
0.997497
-0.0575625
0.0410753
-0.0681648
0.0707134
0.816001
-0.573709
0.351919
0
0
0
1
0.00105566
0.570889
0.821027
-0.0108853
0.997364
-0.0601723
0.0405575
-0.0679961
0.0725569
0.818819
-0.569447
0.351027
0
0
0
1
0.00346484
0.553952
0.832541
-0.0103816
0.997512
-0.0605309
0.0361243
-0.0681467
0.0704056
0.830345
-0.552784
0.350439
0
0
0
1
-0.00155007
0.53047
0.847702
-0.00947587
0.997579
-0.0581144
0.0381906
-0.0681718
0.0695227
0.845709
-0.529096
0.351023
0
0
0
1
0.00095279
0.5124
0.858746
-0.00895806
0.997535
-0.0607431
0.0351377
-0.0681539
0.0701675
0.856596
-0.511195
0.349574
0
0
0
1
0.00398495
0.506697
0.862115
-0.00884244
0.997534
-0.0624237
0.0320778
-0.0684301
0.0700701
0.859861
-0.505697
0.350228
0
0
0
1
-0.00405283
0.481815
0.876264
-0.00767634
0.998064
-0.0524306
0.0334452
-0.068538
0.0620574
0.874703
-0.480669
0.348061
0
0
0
1
0.00325671
0.476536
0.879149
-0.00803704
0.997569
-0.0627435
0.0303143
-0.0684325
0.0696067
0.876913
-0.475582
0.349708
0
0
0
1
0.00158182
0.461398
0.887192
-0.00711849
0.997512
-0.063252
0.0311167
-0.0685567
0.0704739
0.884935
-0.460351
0.34905
0
0
0
1
-0.000627574
0.434267
0.900784
-0.00637605
0.997507
-0.0632898
0.0312069
-0.0685602
0.0705626
0.898558
-0.433145
0.348587
0
0
0
1
-0.00243675
0.42294
0.906154
-0.00576273
0.997482
-0.0631942
0.0321777
-0.0685619
0.0708729
0.903952
-0.421721
0.348367
0
0
0
1
-0.00169613
0.390915
0.920425
-0.00491254
0.997633
-0.0626094
0.0284293
-0.0690074
0.0687407
0.918295
-0.389883
0.349483
0
0
0
1
-0.000847088
0.355938
0.934509
-0.00403884
0.997332
-0.0679191
0.0267732
-0.0689409
0.0730006
0.932038
-0.35493
0.34668
0
0
0
1
0.0299486
0.98364
-0.177641
-0.0313181
0.996111
-0.0441039
-0.076279
-0.0644664
-0.0828657
-0.174665
-0.981135
0.400854
0
0
0
1
0.0225228
0.981978
-0.18765
-0.0298617
0.997928
-0.0333973
-0.0549921
-0.0650332
-0.060268
-0.186023
-0.980695
0.400928
0
0
0
1
0.0226374
0.991002
-0.131922
-0.0297292
0.997373
-0.0314682
-0.0652443
-0.0650827
-0.0688085
-0.130098
-0.989111
0.398497
0
0
0
1
0.0177456
0.981332
-0.191502
-0.0295467
0.997317
-0.0309773
-0.0663227
-0.0652207
-0.0710168
-0.189811
-0.979249
0.400199
0
0
0
1
0.0220938
0.987843
-0.153875
-0.0296097
0.994888
-0.0368944
-0.0940056
-0.0653822
-0.0985399
-0.151011
-0.983608
0.399155
0
0
0
1
0.0196982
0.983253
-0.181176
-0.0296369
0.998681
-0.0279438
-0.0430723
-0.0660133
-0.0474137
-0.180089
-0.982507
0.39849
0
0
0
1
0.0187253
0.983738
-0.178631
-0.0286231
0.993787
-0.0379169
-0.104636
-0.0659681
-0.109708
-0.175562
-0.978336
0.398552
0
0
0
1
0.0171178
0.980914
-0.193688
-0.0282551
0.995923
-0.0338873
-0.0836007
-0.0663097
-0.0885686
-0.191468
-0.977495
0.399033
0
0
0
1
