0.0
0.0
0.0
2.10935161162
0.0
0.0
0.0
0.916827363215
0.0
0.0
0.0
1.27483636061
0.0
0.0
0.0
0.0
0.0
0.0
0.0
2.09340638071
0.0
0.0
0.0
0.917109904039
0.0
0.0
0.0
1.31120190535
0.0
0.0
0.0
0.0
0.0
0.0
0.0
2.07669754378
0.0
0.0
0.0
0.916949222003
0.0
0.0
0.0
1.34735392049
0.0
0.0
0.0
0.0
0.0
0.0
0.0
2.05929126798
0.0
0.0
0.0
0.916737784839
0.0
0.0
0.0
1.38379929981
0.0
0.0
0.0
0.0
0.0
0.0
0.0
2.04125474738
0.0
0.0
0.0
0.916752512889
0.0
0.0
0.0
1.41959462576
0.0
0.0
0.0
0.0
0.0
0.0
0.0
2.02227784685
0.0
0.0
0.0
0.916805379353
0.0
0.0
0.0
1.45560880547
0.0
0.0
0.0
0.0
0.0
0.0
0.0
2.00395867124
0.0
0.0
0.0
0.916632691944
0.0
0.0
0.0
1.48935495849
0.0
0.0
0.0
0.0
0.0
0.0
0.0
1.98411161511
0.0
0.0
0.0
0.916603537137
0.0
0.0
0.0
1.52435681205
0.0
0.0
0.0
0.0
0.0
0.0
0.0
1.96372141122
0.0
0.0
0.0
0.916492480044
0.0
0.0
0.0
1.55880576951
0.0
0.0
0.0
0.0
0.0
0.0
0.0
1.94240249002
0.0
0.0
0.0
0.916531367015
0.0
0.0
0.0
1.59330941049
0.0
0.0
0.0
0.0
0.0
0.0
0.0
1.92058085139
0.0
0.0
0.0
0.916412340572
0.0
0.0
0.0
1.62720298272
0.0
0.0
0.0
0.0
0.0
0.0
0.0
1.89938455944
0.0
0.0
0.0
0.916412599882
0.0
0.0
0.0
1.65925742011
0.0
0.0
0.0
0.0
0.0
0.0
0.0
1.87608032012
0.0
0.0
0.0
0.916517407851
0.0
0.0
0.0
1.69281109563
0.0
0.0
0.0
0.0
0.0
0.0
0.0
1.85304071888
0.0
0.0
0.0
0.916205898552
0.0
0.0
0.0
1.7252112997
0.0
0.0
0.0
0.0
0.0
0.0
0.0
1.82886434376
0.0
0.0
0.0
0.916502420998
0.0
0.0
0.0
1.75747668832
0.0
0.0
0.0
0.0
0.0
0.0
0.0
1.80458921742
0.0
0.0
0.0
0.916386927786
0.0
0.0
0.0
1.78894142415
0.0
0.0
0.0
0.0
0.0
0.0
0.0
1.77954352205
0.0
0.0
0.0
0.916546250268
0.0
0.0
0.0
1.82020818106
0.0
0.0
0.0
0.0
0.0
0.0
0.0
1.75447780712
0.0
0.0
0.0
0.916492880881
0.0
0.0
0.0
1.85063852297
0.0
0.0
0.0
0.0
0.0
0.0
0.0
1.72781995632
0.0
0.0
0.0
0.916401878133
0.0
0.0
0.0
1.88150288728
0.0
0.0
0.0
0.0
0.0
0.0
0.0
1.70244424185
0.0
0.0
0.0
0.916267451884
0.0
0.0
0.0
1.91032664351
0.0
0.0
0.0
0.0
0.0
0.0
0.0
1.67464266146
0.0
0.0
0.0
0.916297690023
0.0
0.0
0.0
1.94046838956
0.0
0.0
0.0
0.0
0.0
0.0
0.0
1.64777512613
0.0
0.0
0.0
0.916267620416
0.0
0.0
0.0
1.96861991437
0.0
0.0
0.0
0.0
0.0
0.0
0.0
1.61925161493
0.0
0.0
0.0
0.916170977621
0.0
0.0
0.0
1.99761306935
0.0
0.0
0.0
0.0
0.0
0.0
0.0
1.58984655654
0.0
0.0
0.0
0.916341631751
0.0
0.0
0.0
2.02607119782
0.0
0.0
0.0
0.0
0.0
0.0
0.0
1.56152711974
0.0
0.0
0.0
0.916144417305
0.0
0.0
0.0
2.05304183035
0.0
0.0
0.0
0.0
0.0
0.0
0.0
1.53255344867
0.0
0.0
0.0
0.916226536376
0.0
0.0
0.0
2.07947002802
0.0
0.0
0.0
0.0
0.0
0.0
0.0
1.50198474998
0.0
0.0
0.0
0.916237698306
0.0
0.0
0.0
2.10636781972
0.0
0.0
0.0
0.0
0.0
0.0
0.0
1.47176151297
0.0
0.0
0.0
0.916291301787
0.0
0.0
0.0
2.13207048692
0.0
0.0
0.0
0.0
0.0
0.0
0.0
1.43888637402
0.0
0.0
0.0
0.916730265454
0.0
0.0
0.0
2.15858966853
0.0
0.0
0.0
0.0
0.0
0.0
0.0
1.40927621981
0.0
0.0
0.0
0.916102774335
0.0
0.0
0.0
2.18242923165
0.0
0.0
0.0
0.0
0.0
0.0
0.0
1.37715753056
0.0
0.0
0.0
0.916080144406
0.0
0.0
0.0
2.2070766278
0.0
0.0
0.0
0.0
0.0
0.0
0.0
1.34563549782
0.0
0.0
0.0
0.91616311104
0.0
0.0
0.0
2.23025798577
0.0
0.0
0.0
0.0
0.0
0.0
0.0
1.31271472648
0.0
0.0
0.0
0.915928511157
0.0
0.0
0.0
2.25384499836
0.0
0.0
0.0
0.0
0.0
0.0
0.0
1.28021324503
0.0
0.0
0.0
0.915872093451
0.0
0.0
0.0
2.27599546086
0.0
0.0
0.0
0.0
0.0
0.0
0.0
1.24692819646
0.0
0.0
0.0
0.915826577979
0.0
0.0
0.0
2.29795982113
0.0
0.0
0.0
0.0
0.0
0.0
0.0
1.21270002354
0.0
0.0
0.0
0.915871239349
0.0
0.0
0.0
2.31979392498
0.0
0.0
0.0
0.0
0.0
0.0
0.0
1.17822930298
0.0
0.0
0.0
0.915829215505
0.0
0.0
0.0
2.34074765554
0.0
0.0
0.0
0.0
0.0
0.0
0.0
1.14449906052
0.0
0.0
0.0
0.91598429221
0.0
0.0
0.0
2.36052451163
0.0
0.0
0.0
0.0
0.0
0.0
0.0
1.10951624433
0.0
0.0
0.0
0.91601164408
0.0
0.0
0.0
2.38017303164
0.0
0.0
0.0
0.0
0.0
0.0
0.0
1.07360331213
0.0
0.0
0.0
0.916011747679
0.0
0.0
0.0
2.39956794091
0.0
0.0
0.0
0.0
0.0
0.0
0.0
1.03684552153
0.0
0.0
0.0
0.91634011624
0.0
0.0
0.0
2.4184007877
0.0
0.0
0.0
0.0
0.0
0.0
0.0
1.00154520925
0.0
0.0
0.0
0.916308926432
0.0
0.0
0.0
2.4359125036
0.0
0.0
0.0
0.0
0.0
0.0
0.0
0.964593389166
0.0
0.0
0.0
0.916405670884
0.0
0.0
0.0
2.45336170219
0.0
0.0
0.0
0.0
0.0
0.0
0.0
0.928454449432
0.0
0.0
0.0
0.916758126916
0.0
0.0
0.0
2.46956067554
0.0
0.0
0.0
0.0
0.0
0.0
0.0
0.890552372679
0.0
0.0
0.0
0.91684160621
0.0
0.0
0.0
2.48589326006
0.0
0.0
0.0
0.0
0.0
0.0
0.0
0.853359272301
0.0
0.0
0.0
0.916958325699
0.0
0.0
0.0
2.50107255511
0.0
0.0
0.0
0.0
0.0
0.0
0.0
0.816739368702
0.0
0.0
0.0
0.916676158377
0.0
0.0
0.0
2.51554432422
0.0
0.0
0.0
0.0
0.0
0.0
0.0
0.778602946744
0.0
0.0
0.0
0.916795139939
0.0
0.0
0.0
2.52960243698
0.0
0.0
0.0
0.0
0.0
0.0
0.0
0.741806774136
0.0
0.0
0.0
0.916715734232
0.0
0.0
0.0
2.5425526548
0.0
0.0
0.0
0.0
0.0
0.0
0.0
0.703604972275
0.0
0.0
0.0
0.916783374892
0.0
0.0
0.0
2.55526725136
0.0
0.0
0.0
0.0
0.0
0.0
0.0
0.664731524267
0.0
0.0
0.0
0.916585852223
0.0
0.0
0.0
2.56739569561
0.0
0.0
0.0
0.0
0.0
0.0
0.0
0.62671476402
0.0
0.0
0.0
0.917109899919
0.0
0.0
0.0
2.57833123875
0.0
0.0
0.0
0.0
0.0
0.0
0.0
0.58799073586
0.0
0.0
0.0
0.917346870685
0.0
0.0
0.0
2.58888049682
0.0
0.0
0.0
0.0
0.0
0.0
0.0
0.549273150361
0.0
0.0
0.0
0.916662296428
0.0
0.0
0.0
2.59907391955
0.0
0.0
0.0
0.0
0.0
0.0
0.0
0.509568568123
0.0
0.0
0.0
0.917166033463
0.0
0.0
0.0
2.60829428035
0.0
0.0
0.0
0.0
0.0
0.0
0.0
0.470712000059
0.0
0.0
0.0
0.916692492573
0.0
0.0
0.0
2.61698341245
0.0
0.0
0.0
0.0
0.0
0.0
0.0
0.431375919564
0.0
0.0
0.0
0.916919010758
0.0
0.0
0.0
2.62478717428
0.0
0.0
0.0
0.0
0.0
0.0
0.0
0.391067656709
0.0
0.0
0.0
0.917476338246
0.0
0.0
0.0
2.63189370523
0.0
0.0
0.0
0.0
0.0
0.0
0.0
0.352203247802
0.0
0.0
0.0
0.917575678319
0.0
0.0
0.0
2.6382746713
0.0
0.0
0.0
0.0
0.0
0.0
0.0
0.313309608395
0.0
0.0
0.0
0.916687783713
0.0
0.0
0.0
2.6442550178
0.0
0.0
0.0
0.0
0.0
0.0
0.0
0.272852394606
0.0
0.0
0.0
0.917850718646
0.0
0.0
0.0
2.64906509783
0.0
0.0
0.0
0.0
0.0
0.0
0.0
0.23236565704
0.0
0.0
0.0
0.917809133182
0.0
0.0
0.0
2.6535831469
0.0
0.0
0.0
0.0
0.0
0.0
0.0
0.192903471216
0.0
0.0
0.0
0.917474622877
0.0
0.0
0.0
2.65738453428
0.0
0.0
0.0
0.0
0.0
0.0
0.0
0.152549718909
0.0
0.0
0.0
0.917367304782
0.0
0.0
0.0
2.66047275357
0.0
0.0
0.0
0.0
0.0
0.0
0.0
0.112741886355
0.0
0.0
0.0
0.917558228759
0.0
0.0
0.0
2.66271595388
0.0
0.0
0.0
0.0
0.0
0.0
0.0
0.0729290668788
0.0
0.0
0.0
0.917035233632
0.0
0.0
0.0
2.66448989905
0.0
0.0
0.0
0.0
0.0
0.0
0.0
0.0323197701124
0.0
0.0
0.0
0.918160970919
0.0
0.0
0.0
2.66507362433
0.0
0.0
0.0
0.0
0.0
0.0
0.0
-0.00715984559323
0.0
0.0
0.0
0.917837204302
0.0
0.0
0.0
2.66538299631
0.0
0.0
0.0
0.0
0.0
0.0
0.0
-0.0474054532724
0.0
0.0
0.0
0.91757600794
0.0
0.0
0.0
2.66500047845
0.0
0.0
0.0
0.0
0.0
0.0
0.0
-0.0864741346656
0.0
0.0
0.0
0.917557765601
0.0
0.0
0.0
2.66386985297
0.0
0.0
0.0
0.0
