0.014006
0.929355
-0.368922
-0.0632173
-0.990119
-0.0385944
-0.134813
-0.0239668
-0.139528
0.367165
0.919632
0.415968
0
0
0
1
0.0159667
0.921743
-0.387473
-0.0632235
-0.991882
-0.0342924
-0.122449
-0.0236431
-0.126154
0.386282
0.913713
0.419916
0
0
0
1
0.0156533
0.915225
-0.402639
-0.0640462
-0.992617
-0.0342144
-0.116362
-0.0237698
-0.120273
0.401488
0.907933
0.422848
0
0
0
1
0.0147217
0.910087
-0.414156
-0.0655324
-0.99346
-0.0335901
-0.109126
-0.0239629
-0.113226
0.413054
0.903641
0.425337
0
0
0
1
0.0137636
0.90205
-0.431412
-0.0664718
-0.994227
-0.0335695
-0.101911
-0.024133
-0.106411
0.430324
0.896381
0.428247
0
0
0
1
0.0129922
0.895811
-0.444245
-0.0676029
-0.994995
-0.032439
-0.0945117
-0.0242788
-0.0990755
0.44325
0.890906
0.430952
0
0
0
1
0.0129991
0.888425
-0.458837
-0.068682
-0.995246
-0.0328009
-0.0917069
-0.024488
-0.096525
0.457848
0.883775
0.433206
0
0
0
1
0.0117725
0.879758
-0.475276
-0.0695252
-0.995974
-0.0319276
-0.0837696
-0.0247183
-0.0888714
0.474348
0.87584
0.436183
0
0
0
1
0.0113083
0.870748
-0.491599
-0.0704094
-0.996378
-0.0316229
-0.0789321
-0.0249334
-0.0842757
0.490711
0.867237
0.438759
0
0
0
1
0.0110595
0.861945
-0.506881
-0.071395
-0.996679
-0.0313933
-0.0751302
-0.0250747
-0.0806708
0.506029
0.858736
0.441368
0
0
0
1
0.0112397
0.852429
-0.522722
-0.0726595
-0.99692
-0.0310253
-0.0720306
-0.025209
-0.0776186
0.521922
0.849455
0.443609
0
0
0
1
0.010765
0.842361
-0.538806
-0.0739128
-0.99725
-0.0304702
-0.0675611
-0.0253414
-0.0733284
0.538051
0.839717
0.445899
0
0
0
1
0.0111081
0.834595
-0.550752
-0.0755063
-0.997345
-0.0303972
-0.0661784
-0.0253915
-0.0719735
0.550025
0.832041
0.44784
0
0
0
1
0.0112922
0.823471
-0.567246
-0.0772164
-0.997552
-0.0298782
-0.0632324
-0.0255042
-0.0690183
0.566571
0.821117
0.449912
0
0
0
1
0.0106582
0.8144
-0.580206
-0.0785636
-0.997818
-0.0291448
-0.0592384
-0.0256563
-0.0651537
0.579571
0.812313
0.452091
0
0
0
1
0.0109503
0.802526
-0.596517
-0.0799146
-0.997912
-0.0292053
-0.0576101
-0.0258073
-0.063655
0.595902
0.80053
0.453946
0
0
0
1
0.0115267
0.791943
-0.610487
-0.0814239
-0.998035
-0.0284897
-0.0558019
-0.0257976
-0.0615845
0.609931
0.790058
0.456151
0
0
0
1
0.0126176
0.781191
-0.624165
-0.0832073
-0.998019
-0.02864
-0.0560203
-0.0258444
-0.0616387
0.623635
0.779282
0.458012
0
0
0
1
0.0133183
0.770378
-0.637448
-0.08512
-0.998035
-0.0287891
-0.0556448
-0.0259204
-0.0612191
0.636937
0.768481
0.459718
0
0
0
1
0.0131815
0.759603
-0.650254
-0.0869287
-0.99817
-0.0283911
-0.0533997
-0.025946
-0.059024
0.649768
0.757838
0.461461
0
0
0
1
0.0135751
0.747321
-0.664325
-0.0884792
-0.998264
-0.0279539
-0.0518452
-0.0259514
-0.0573155
0.663875
0.745644
0.463378
0
0
0
1
0.0142605
0.734678
-0.678266
-0.0903118
-0.998268
-0.0282599
-0.0515988
-0.0259889
-0.0570762
0.677827
0.733002
0.465115
0
0
0
1
0.0138235
0.724031
-0.689629
-0.0921268
-0.998437
-0.0273577
-0.0487359
-0.0260596
-0.054153
0.689225
0.722521
0.467087
0
0
0
1
0.0145113
0.711305
-0.702734
-0.0938291
-0.998451
-0.0274408
-0.0483933
-0.0260993
-0.053706
0.702348
0.709805
0.468586
0
0
0
1
0.0147596
0.698114
-0.715835
-0.0952348
-0.998541
-0.0268934
-0.0468163
-0.0261668
-0.0519344
0.715481
0.696699
0.470641
0
0
0
1
0.0150773
0.684927
-0.728456
-0.0969719
-0.998531
-0.0276056
-0.0466233
-0.0263852
-0.052043
0.728089
0.683505
0.472062
0
0
0
1
0.0154808
0.672629
-0.739818
-0.0985265
-0.998616
-0.0267911
-0.0452542
-0.0264742
-0.0502598
0.739495
0.671283
0.473991
0
0
0
1
0.0158651
0.658089
-0.752773
-0.100003
-0.998655
-0.0267419
-0.0444255
-0.0266074
-0.0493665
0.752465
0.656779
0.475502
0
0
0
1
0.0165568
0.644348
-0.764553
-0.10162
-0.998685
-0.026444
-0.0439134
-0.0267418
-0.0485133
0.764275
0.643063
0.47724
0
0
0
1
0.0164218
0.629962
-0.776452
-0.102662
-0.998739
-0.0265167
-0.0426371
-0.0270284
-0.0474487
0.776173
0.628732
0.479199
0
0
0
1
0.0168762
0.617017
-0.786769
-0.104511
-0.998747
-0.0266682
-0.0423374
-0.0271706
-0.0471046
0.786498
0.615794
0.480506
0
0
0
1
0.0176461
0.602935
-0.797595
-0.10641
-0.998763
-0.0264614
-0.0421
-0.0271387
-0.046489
0.797351
0.601722
0.482206
0
0
0
1
0.017973
0.588669
-0.808174
-0.108819
-0.998795
-0.0263524
-0.0414072
-0.0271419
-0.0456725
0.807944
0.587486
0.4835
0
0
0
1
0.0181643
0.573677
-0.81888
-0.111015
-0.998827
-0.0263515
-0.0406167
-0.0270568
-0.0448796
0.818657
0.572526
0.484833
0
0
0
1
0.0183644
0.55958
-0.828573
-0.113208
-0.998864
-0.0261812
-0.0398202
-0.0270293
-0.0439756
0.828363
0.558464
0.48582
0
0
0
1
0.0189109
0.543965
-0.838895
-0.115462
-0.99891
-0.0255425
-0.0390806
-0.0269369
-0.042686
0.838719
0.542889
0.487207
0
0
0
1
0.0192811
0.528937
-0.848442
-0.117674
-0.99892
-0.0256865
-0.0387143
-0.0269566
-0.0422709
0.848273
0.52787
0.48857
0
0
0
1
0.019081
0.51372
-0.857746
-0.119555
-0.998967
-0.0255906
-0.0375493
-0.0269986
-0.04124
0.857576
0.512701
0.48998
0
0
0
1
0.0199088
0.498973
-0.866389
-0.12185
-0.998962
-0.0255861
-0.0376909
-0.0270348
-0.0409743
0.86624
0.497946
0.490869
0
0
0
1
0.0201914
0.483862
-0.874911
-0.123985
-0.998994
-0.0252857
-0.0370391
-0.0268891
-0.0400446
0.874779
0.482865
0.49224
0
0
0
1
0.0210982
0.46842
-0.883254
-0.126275
-0.998981
-0.025377
-0.0373209
-0.0268698
-0.0398962
0.883141
0.467407
0.493178
0
0
0
1
0.0212446
0.452822
-0.891348
-0.128405
-0.998998
-0.0255187
-0.0367744
-0.0268276
-0.0393983
0.891236
0.451826
0.494029
0
0
0
1
0.0218275
0.43591
-0.899726
-0.130601
-0.998996
-0.0257018
-0.0366882
-0.0268418
-0.0391173
0.899623
0.434911
0.495133
0
0
0
1
0.022429
0.419598
-0.907433
-0.13338
-0.99899
-0.0259362
-0.036685
-0.0266255
-0.0389283
0.90734
0.418592
0.495851
0
0
0
1
0.0223674
0.404307
-0.91435
-0.135973
-0.999018
-0.0259509
-0.0359136
-0.0264075
-0.0382483
0.914255
0.40333
0.496729
0
0
0
1
0.0228835
0.387141
-0.921737
-0.138291
-0.999037
-0.0256783
-0.0355878
-0.0263949
-0.0374461
0.921663
0.38618
0.49773
0
0
0
1
0.0224208
0.371002
-0.928361
-0.140508
-0.999093
-0.0253076
-0.0342428
-0.0265115
-0.0361988
0.928287
0.370098
0.49867
0
0
0
1
0.0226173
0.354046
-0.934954
-0.142551
-0.99908
-0.026083
-0.0340456
-0.0267168
-0.0364401
0.934864
0.35313
0.499477
0
0
0
1
0.0225913
0.337591
-0.941022
-0.144486
-0.99908
-0.0266967
-0.0335625
-0.0270142
-0.0364526
0.940914
0.336678
0.500455
0
0
0
1
0.0226183
0.3199
-0.947181
-0.147007
-0.999125
-0.0260993
-0.0326734
-0.0269189
-0.035173
0.947092
0.319029
0.501088
0
0
0
1
0.0225241
0.30199
-0.953045
-0.148991
-0.999132
-0.0266121
-0.0320459
-0.0272552
-0.0350401
0.952939
0.301129
0.501738
0
0
0
1
0.0221021
0.285314
-0.958179
-0.151172
-0.999171
-0.0264832
-0.0309335
-0.0273938
-0.0342015
0.958068
0.284492
0.502505
0
0
0
1
0.022242
0.2675
-0.963301
-0.153297
-0.99918
-0.026658
-0.0304731
-0.0276889
-0.0338312
0.963189
0.266688
0.503358
0
0
0
1
0.0224112
0.249493
-0.968117
-0.155717
-0.999194
-0.0266699
-0.0300037
-0.0277899
-0.0333052
0.968009
0.248694
0.504104
0
0
0
1
0.0224142
0.230725
-0.972761
-0.157932
-0.99919
-0.0273547
-0.0295113
-0.0280561
-0.0334186
0.972634
0.229925
0.504145
0
0
0
1
0.0227174
0.213684
-0.976639
-0.160666
-0.999192
-0.0275391
-0.0292674
-0.0280338
-0.0331497
0.976515
0.212885
0.504975
0
0
0
1
0.0229007
0.195807
-0.980375
-0.163122
-0.999219
-0.0271095
-0.0287553
-0.0280553
-0.032208
0.980268
0.195034
0.505354
0
0
0
1
0.0223942
0.177164
-0.983927
-0.165553
-0.999243
-0.0273524
-0.0276678
-0.028197
-0.0318144
0.983801
0.176417
0.505524
0
0
0
1
0.0223761
0.140442
-0.989836
-0.170813
-0.999246
-0.0282693
-0.0265998
-0.0283363
-0.0317177
0.989685
0.139704
0.505841
0
0
0
1
0.0221809
0.122202
-0.992257
-0.173361
-0.999269
-0.0282112
-0.025812
-0.0283986
-0.031147
0.992104
0.121487
0.506065
0
0
0
1
0.0222068
0.103267
-0.994406
-0.176027
-0.999266
-0.0287621
-0.0253022
-0.028431
-0.031214
0.994238
0.102552
0.506147
0
0
0
1
0.0225243
0.0835965
-0.996245
-0.178632
-0.999272
-0.0288143
-0.0250106
-0.0285643
-0.0307969
0.996083
0.0828866
0.506244
0
0
0
1
0.0216185
0.0653371
-0.997629
-0.18111
-0.999293
-0.029283
-0.0235724
-0.0289443
-0.0307537
0.997433
0.0646579
0.506361
0
0
0
1
0.0221063
0.0461298
-0.998691
-0.183891
-0.999285
-0.0296325
-0.0234882
-0.0290211
-0.0306772
0.998496
0.0454417
0.506342
0
0
0
1
0.0216666
0.027574
-0.999385
-0.186487
-0.999305
-0.0297391
-0.0224853
-0.0291169
-0.0303409
0.999177
0.0269105
0.506043
0
0
0
1
0.021578
0.00892519
-0.999727
-0.189191
-0.999306
-0.0301761
-0.0218383
-0.02929
-0.0303628
0.999505
0.00826785
0.505959
0
0
0
1
0.0205223
-0.0113585
-0.999725
-0.192066
-0.99933
-0.0305347
-0.0201673
-0.0293358
-0.0302972
0.999469
-0.0119776
0.505828
0
0
0
1
0.014006
0.929355
-0.368922
-0.0632173
-0.990119
-0.0385944
-0.134813
-0.0239668
-0.139528
0.367165
0.919632
0.415968
0
0
0
1
0.0159667
0.921743
-0.387473
-0.0632235
-0.991882
-0.0342924
-0.122449
-0.0236431
-0.126154
0.386282
0.913713
0.419916
0
0
0
1
0.0156533
0.915225
-0.402639
-0.0640462
-0.992617
-0.0342144
-0.116362
-0.0237698
-0.120273
0.401488
0.907933
0.422848
0
0
0
1
