-0.0299416
0.9989
0.0360998
-0.0648893
-0.998888
-0.0285865
-0.0374895
0.00633397
-0.0364163
-0.0371821
0.998645
0.454615
0
0
0
1
-0.0251678
0.99959
0.0136751
-0.0638916
-0.999054
-0.0246645
-0.035806
0.00595142
-0.035454
-0.0145633
0.999265
0.452915
0
0
0
1
-0.0241813
0.999632
-0.0122982
-0.0637799
-0.99904
-0.0246128
-0.036235
0.00592041
-0.0365244
0.0114102
0.999268
0.450896
0
0
0
1
-0.0236784
0.998859
-0.0414786
-0.064245
-0.999053
-0.0251575
-0.0355073
0.00589168
-0.0365102
0.0405985
0.998508
0.448958
0
0
0
1
-0.0224147
0.997483
-0.0672764
-0.0639584
-0.99897
-0.0250023
-0.0378698
0.005687
-0.0394565
0.0663583
0.997015
0.446545
0
0
0
1
-0.0203242
0.995221
-0.0955144
-0.0636373
-0.998775
-0.0245217
-0.0429802
0.0056813
-0.0451169
0.0945238
0.9945
0.444246
0
0
0
1
-0.0186407
0.992171
-0.123486
-0.063643
-0.998608
-0.0245697
-0.046666
0.00555633
-0.0493347
0.122444
0.991248
0.44172
0
0
0
1
-0.0161465
0.98879
-0.148439
-0.0630428
-0.998188
-0.0245461
-0.0549295
0.00536794
-0.0579573
0.147283
0.987395
0.438924
0
0
0
1
-0.0132038
0.985283
-0.170419
-0.0625065
-0.997578
-0.0246212
-0.0650572
0.00521208
-0.0682957
0.169147
0.983222
0.435697
0
0
0
1
-0.00975044
0.98154
-0.191006
-0.0620823
-0.996644
-0.0250648
-0.0779263
0.0051114
-0.0812754
0.189605
0.978491
0.432166
0
0
0
1
-0.00647986
0.978064
-0.208202
-0.061676
-0.995597
-0.0257807
-0.0901233
0.00505028
-0.093514
0.206701
0.973925
0.428586
0
0
0
1
-0.00338741
0.974601
-0.223922
-0.0612467
-0.994481
-0.0267637
-0.101443
0.00496634
-0.104859
0.222343
0.969313
0.424909
0
0
0
1
-0.000329568
0.970759
-0.240054
-0.0612016
-0.993413
-0.0278257
-0.111161
0.00498071
-0.11459
0.238436
0.964374
0.421319
0
0
0
1
0.00225012
0.967027
-0.254666
-0.0610499
-0.992459
-0.0290525
-0.119088
0.00484225
-0.12256
0.253013
0.959668
0.417912
0
0
0
1
0.00512503
0.963668
-0.267053
-0.0606204
-0.991175
-0.0304802
-0.12901
0.00471127
-0.132463
0.265357
0.955007
0.414307
0
0
0
1
0.00749892
0.960348
-0.278702
-0.0600571
-0.990195
-0.0317474
-0.136037
0.00464466
-0.139491
0.27699
0.950694
0.411121
0
0
0
1
0.00979797
0.956958
-0.290061
-0.0596235
-0.989266
-0.0330173
-0.142346
0.00463608
-0.145796
0.288342
0.946363
0.407945
0
0
0
1
0.011893
0.953164
-0.302222
-0.059411
-0.988463
-0.0344329
-0.147494
0.00464917
-0.150993
0.300489
0.941758
0.404853
0
0
0
1
0.0139866
0.94922
-0.314303
-0.0593472
-0.987653
-0.0359351
-0.152478
0.00459581
-0.156029
0.312555
0.936997
0.40172
0
0
0
1
0.0159959
0.945099
-0.326393
-0.0591461
-0.986865
-0.0375585
-0.157118
0.00458941
-0.160751
0.324619
0.932084
0.398758
0
0
0
1
0.0171482
0.941367
-0.336948
-0.0585757
-0.986573
-0.0388118
-0.158642
0.00465456
-0.162418
0.335144
0.928062
0.396366
0
0
0
1
0.0187462
0.937159
-0.348399
-0.0582047
-0.986001
-0.0404153
-0.161767
0.00465031
-0.165682
0.346554
0.923282
0.393629
0
0
0
1
0.0198196
0.9332
-0.358811
-0.0576812
-0.985769
-0.0416824
-0.162859
0.00455401
-0.166936
0.356933
0.919093
0.391264
0
0
0
1
0.020379
0.928661
-0.370369
-0.0571841
-0.985597
-0.0435425
-0.163409
0.0045941
-0.167878
0.368365
0.914398
0.389034
0
0
0
1
0.0212427
0.924554
-0.380458
-0.0564079
-0.985503
-0.0447056
-0.163665
0.00456588
-0.168325
0.378419
0.910201
0.386955
0
0
0
1
0.0217851
0.919637
-0.392164
-0.0560195
-0.985481
-0.0463122
-0.163348
0.00447145
-0.168383
0.390029
0.905276
0.38476
0
0
0
1
0.0222239
0.914872
-0.403133
-0.0551787
-0.985519
-0.0477525
-0.162699
0.00444068
-0.1681
0.400911
0.900562
0.382883
0
0
0
1
0.0225907
0.909817
-0.414394
-0.0543375
-0.985681
-0.0490122
-0.161343
0.00434653
-0.167103
0.412105
0.895682
0.381119
0
0
0
1
0.0227265
0.904637
-0.425577
-0.0535355
-0.985924
-0.0502506
-0.159466
0.00423846
-0.165644
0.423211
0.890761
0.379352
0
0
0
1
0.0224807
0.899318
-0.436718
-0.0525174
-0.986237
-0.0516233
-0.157074
0.00417397
-0.163804
0.434238
0.88578
0.377837
0
0
0
1
0.0232069
0.892788
-0.449879
-0.052302
-0.98635
-0.0529302
-0.155921
0.00420226
-0.163017
0.447357
0.879373
0.37584
0
0
0
1
0.0233682
0.886227
-0.462662
-0.0516592
-0.986728
-0.0539414
-0.153162
0.00429827
-0.160693
0.460101
0.873204
0.37431
0
0
0
1
0.0236445
0.879061
-0.476123
-0.051402
-0.986932
-0.0554073
-0.151309
0.0043953
-0.159391
0.473479
0.866263
0.372515
0
0
0
1
0.0235572
0.871855
-0.489196
-0.0508919
-0.987329
-0.0565212
-0.148278
0.00454764
-0.156927
0.486491
0.859477
0.370986
0
0
0
1
0.0239623
0.864157
-0.502652
-0.0505016
-0.987586
-0.0576163
-0.146134
0.00462856
-0.155243
0.499914
0.852048
0.369369
0
0
0
1
0.0240713
0.855761
-0.51681
-0.0500546
-0.987991
-0.0585609
-0.142985
0.00481649
-0.152626
0.514046
0.844075
0.367936
0
0
0
1
0.0240161
0.847544
-0.530181
-0.0494341
-0.988337
-0.0596457
-0.140119
0.00485081
-0.15038
0.527363
0.836226
0.366429
0
0
0
1
0.0237582
0.838947
-0.543695
-0.0485558
-0.988714
-0.0607509
-0.136946
0.0048946
-0.14792
0.540812
0.828035
0.365219
0
0
0
1
0.0237857
0.829921
-0.557374
-0.048041
-0.989033
-0.0617581
-0.134163
0.00493311
-0.145767
0.554453
0.81935
0.363723
0
0
0
1
0.0236051
0.820686
-0.570892
-0.0471837
-0.989446
-0.0624845
-0.130736
0.00505394
-0.142965
0.567953
0.810549
0.362564
0
0
0
1
0.0237531
0.810717
-0.584957
-0.046627
-0.989752
-0.0633439
-0.127981
0.00518092
-0.14081
0.582002
0.800903
0.361216
0
0
0
1
0.0236659
0.800516
-0.598845
-0.0459999
-0.990022
-0.0644653
-0.1253
0.0053434
-0.138909
0.595835
0.791003
0.359787
0
0
0
1
0.0231012
0.790218
-0.61239
-0.0450893
-0.990397
-0.0654278
-0.121788
0.00535746
-0.136306
0.609323
0.781119
0.35874
0
0
0
1
0.0231721
0.779011
-0.626582
-0.0446351
-0.990741
-0.0659699
-0.118658
0.00560337
-0.133771
0.62353
0.770269
0.357441
0
0
0
1
0.0227446
0.767961
-0.640092
-0.0438002
-0.990997
-0.0671772
-0.11581
0.00565175
-0.131938
0.636964
0.759519
0.356238
0
0
0
1
0.0224269
0.75663
-0.653459
-0.0430176
-0.991279
-0.0680724
-0.112841
0.00576459
-0.129861
0.65029
0.748504
0.355092
0
0
0
1
0.0222792
0.744732
-0.666992
-0.0423203
-0.991568
-0.0687281
-0.109859
0.00593448
-0.127657
0.663816
0.736921
0.353962
0
0
0
1
0.0215494
0.733013
-0.679873
-0.0413788
-0.991832
-0.0698364
-0.106732
0.00594282
-0.125716
0.67662
0.725521
0.352859
0
0
0
1
0.0215131
0.720463
-0.693159
-0.0403068
-0.992088
-0.0703913
-0.103955
0.00586453
-0.123688
0.689911
0.713249
0.351878
0
0
0
1
0.0214043
0.707544
-0.706345
-0.0395478
-0.992318
-0.0710725
-0.101263
0.00598866
-0.12185
0.703086
0.700587
0.350765
0
0
0
1
0.0209275
0.694581
-0.71911
-0.0384616
-0.992552
-0.0719068
-0.0983392
0.00586518
-0.120013
0.715812
0.687902
0.349762
0
0
0
1
0.0207073
0.68173
-0.731311
-0.0373822
-0.992734
-0.0727008
-0.0958815
0.00582144
-0.118532
0.727983
0.675271
0.348757
0
0
0
1
0.0204783
0.668309
-0.743602
-0.03622
-0.992949
-0.0732655
-0.0931922
0.00566677
-0.116762
0.740267
0.662096
0.347911
0
0
0
1
0.0199546
0.654648
-0.75567
-0.0352814
-0.993176
-0.0738835
-0.0902327
0.00570033
-0.114902
0.752314
0.648707
0.3471
0
0
0
1
0.0198282
0.640451
-0.767743
-0.0343657
-0.993302
-0.0748084
-0.0880588
0.0056754
-0.113831
0.764347
0.634679
0.345998
0
0
0
1
0.0195911
0.625597
-0.779901
-0.0336198
-0.993511
-0.0752285
-0.0853015
0.00583082
-0.112035
0.776511
0.620063
0.344984
0
0
0
1
0.0193782
0.611112
-0.791307
-0.0326424
-0.99366
-0.0758961
-0.0829468
0.00590191
-0.110747
0.787897
0.605767
0.344185
0
0
0
1
0.0188691
0.595955
-0.802796
-0.0316691
-0.99384
-0.0765206
-0.0801645
0.00596464
-0.109205
0.799363
0.59084
0.343391
0
0
0
1
0.0185224
0.58094
-0.813736
-0.0308201
-0.993988
-0.0771415
-0.077698
0.00610768
-0.107911
0.810283
0.576018
0.342453
0
0
0
1
0.0179697
0.565427
-0.824602
-0.029866
-0.99411
-0.0780547
-0.0751855
0.00611084
-0.106876
0.821096
0.560694
0.341522
0
0
0
1
0.0179734
0.549663
-0.835193
-0.0288552
-0.994245
-0.0784071
-0.0729981
0.00613936
-0.105609
0.831699
0.545091
0.340805
0
0
0
1
0.0172585
0.533764
-0.845457
-0.0278449
-0.994378
-0.0791943
-0.0702964
0.00617008
-0.104477
0.841917
0.529396
0.340093
0
0
0
1
0.0170542
0.517491
-0.855518
-0.0270059
-0.994533
-0.0793847
-0.0678441
0.00634678
-0.103024
0.851998
0.513308
0.339416
0
0
0
1
0.0163112
0.501417
-0.865052
-0.0258506
-0.994606
-0.0804981
-0.0654138
0.00613464
-0.102435
0.861453
0.497399
0.338722
0
0
0
1
0.0158646
0.484954
-0.874396
-0.0249778
-0.994715
-0.0810687
-0.0630096
0.00625033
-0.101443
0.870774
0.481105
0.337912
0
0
0
1
0.0152669
0.468092
-0.883548
-0.0240036
-0.994826
-0.0816566
-0.0604503
0.0063111
-0.100444
0.879899
0.464423
0.337309
0
0
0
1
0.0148406
0.451039
-0.892381
-0.0230179
-0.994917
-0.082237
-0.0581112
0.0063467
-0.0995971
0.888707
0.447526
0.336709
0
0
0
1
0.0141204
0.433812
-0.900893
-0.0220582
-0.99502
-0.0828141
-0.0554738
0.00639901
-0.0986718
0.897189
0.430482
0.33614
0
0
0
1
0.0135847
0.416534
-0.909019
-0.0210553
-0.995113
-0.083288
-0.0530359
0.00638259
-0.0978016
0.905297
0.413367
0.335603
0
0
0
1
0.013145
0.399054
-0.916833
-0.020088
-0.995188
-0.0838147
-0.050749
0.00639905
-0.0970957
0.913089
0.396032
0.335051
0
0
0
1
