0.0382316
0.862302
-0.504949
-0.00813624
-0.116899
-0.49799
-0.859268
0.0130254
-0.992408
0.0918791
0.0817631
0.0705955
0
0
0
1
0.0359413
0.863694
-0.502733
-0.00798601
-0.116751
-0.495984
-0.860447
0.0129997
-0.992511
0.0896201
0.0830109
0.0705909
0
0
0
1
0.0359413
0.863694
-0.502733
-0.00798601
-0.116751
-0.495984
-0.860447
0.0129997
-0.992511
0.0896201
0.0830109
0.0705909
0
0
0
1
0.0365381
0.85772
-0.512817
-0.00799975
-0.117062
-0.505953
-0.854581
0.0130886
-0.992452
0.0912563
0.0819202
0.070518
0
0
0
1
0.0358435
0.861421
-0.506625
-0.00796435
-0.115972
-0.49994
-0.85826
0.0129768
-0.992606
0.0895175
0.0819815
0.0706241
0
0
0
1
0.0354911
0.860903
-0.507529
-0.00794781
-0.115829
-0.500883
-0.857729
0.012959
-0.992635
0.0892285
0.0819408
0.0705076
0
0
0
1
0.0359758
0.863816
-0.502521
-0.00799601
-0.116304
-0.49581
-0.860608
0.0129857
-0.992562
0.0894064
0.0826285
0.0707305
0
0
0
1
0.0346568
0.861213
-0.507061
-0.00788038
-0.11622
-0.500451
-0.857929
0.0130013
-0.992619
0.0886635
0.0827457
0.070639
0
0
0
1
0.0341608
0.857219
-0.513817
-0.00783123
-0.116134
-0.50723
-0.85395
0.0130363
-0.992646
0.0888433
0.0822248
0.0705569
0
0
0
1
0.0341608
0.857219
-0.513817
-0.00783123
-0.116134
-0.50723
-0.85395
0.0130363
-0.992646
0.0888433
0.0822248
0.0705569
0
0
0
1
0.0337889
0.852673
-0.521352
-0.00777246
-0.116099
-0.514769
-0.849431
0.013073
-0.992663
0.0892297
0.0816008
0.0705418
0
0
0
1
0.0339772
0.852284
-0.521975
-0.00778617
-0.11634
-0.515353
-0.849044
0.0130973
-0.992628
0.0895747
0.0816443
0.0705436
0
0
0
1
0.0304176
-0.981804
0.187446
0.00271214
-0.255293
0.173682
0.951136
0.022474
-0.966385
-0.076785
-0.245365
0.110133
0
0
0
1
0.0353473
0.852085
-0.522209
-0.00788328
-0.116359
-0.515472
-0.848969
0.0130998
-0.992578
0.0907726
0.0809274
0.070534
0
0
0
1
0.0352763
0.850373
-0.524996
-0.00786718
-0.116387
-0.518253
-0.847271
0.0131254
-0.992577
0.0909914
0.0806905
0.0705525
0
0
0
1
0.0346102
0.843154
-0.536557
-0.00777827
-0.116563
-0.529809
-0.840069
0.0132007
-0.99258
0.0916176
0.0799436
0.0703681
0
0
0
1
0.0348629
0.844625
-0.534223
-0.00780837
-0.116826
-0.527439
-0.841523
0.0132034
-0.99254
0.091749
0.080286
0.0703809
0
0
0
1
0.0352687
0.83862
-0.543573
-0.00780576
-0.116794
-0.536726
-0.835634
0.0132579
-0.99253
0.0929581
0.0790166
0.0702525
0
0
0
1
0.0363857
0.841514
-0.539008
-0.00790554
-0.117293
-0.532041
-0.838555
0.0132721
-0.992431
0.0937334
0.0793451
0.0703804
0
0
0
1
0.0366842
0.835073
-0.548914
-0.00788013
-0.117216
-0.541897
-0.832231
0.0133134
-0.992429
0.0948712
0.0780048
0.0701005
0
0
0
1
0.0367493
0.837691
-0.544906
-0.0079015
-0.117794
-0.537842
-0.834776
0.0133463
-0.992358
0.0948642
0.0789098
0.0701987
0
0
0
1
0.0368423
0.83459
-0.549637
-0.00789068
-0.117614
-0.542567
-0.831738
0.013353
-0.992376
0.0952884
0.0781705
0.0701731
0
0
0
1
0.0365538
0.825418
-0.563338
-0.00782669
-0.117912
-0.556215
-0.822631
0.0134517
-0.992351
0.0964944
0.0769946
0.0699974
0
0
0
1
0.0362345
0.827832
-0.559805
-0.00780997
-0.117391
-0.552769
-0.825025
0.0133833
-0.992425
0.0956103
0.0771504
0.0698292
0
0
0
1
0.0353128
0.82526
-0.563648
-0.00773313
-0.118263
-0.556586
-0.82233
0.0134857
-0.992354
0.0956974
0.0779431
0.069945
0
0
0
1
0.0352544
0.818915
-0.57283
-0.00768396
-0.117691
-0.565796
-0.816103
0.0134795
-0.992424
0.096188
0.0764318
0.0697685
0
0
0
1
0.0344597
0.817346
-0.575116
-0.00763059
-0.118101
-0.568095
-0.814445
0.0135299
-0.992404
0.0959872
0.0769528
0.0698222
0
0
0
1
0.0331738
0.810518
-0.584774
-0.00748779
-0.117733
-0.577853
-0.807604
0.0135444
-0.992491
0.0956387
0.0762555
0.0695268
0
0
0
1
0.0321644
0.804087
-0.593641
-0.00738173
-0.117723
-0.586766
-0.801154
0.0135992
-0.992525
0.0956537
0.0757864
0.0694425
0
0
0
1
0.0308379
0.801518
-0.597174
-0.00727254
-0.118808
-0.590283
-0.798405
0.0137168
-0.992438
0.0955704
0.077024
0.0695911
0
0
0
1
0.031337
0.79493
-0.605892
-0.00726788
-0.118384
-0.59897
-0.791972
0.0137239
-0.992473
0.0965461
0.0753373
0.0694696
0
0
0
1
0.03061
0.785917
-0.617574
-0.0071645
-0.118362
-0.610666
-0.782993
0.0137807
-0.992499
0.0970648
0.0743304
0.0692241
0
0
0
1
0.0312339
0.782055
-0.622426
-0.00719249
-0.1189
-0.615401
-0.779195
0.013846
-0.992415
0.0983439
0.0737653
0.0692068
0
0
0
1
0.030988
0.776889
-0.628875
-0.00713478
-0.120097
-0.621725
-0.773974
0.0139684
-0.992278
0.0995096
0.0740357
0.0691477
0
0
0
1
0.0315914
0.773256
-0.633307
-0.00716205
-0.120749
-0.62603
-0.770394
0.014052
-0.99218
0.100809
0.0735927
0.0692696
0
0
0
1
0.0312748
0.765735
-0.642396
-0.00708444
-0.121002
-0.635082
-0.762908
0.0141217
-0.992159
0.101591
0.0727935
0.0691452
0
0
0
1
0.0305676
0.755753
-0.654143
-0.00697749
-0.120481
-0.646891
-0.753005
0.0141304
-0.992245
0.10183
0.0712802
0.0687084
0
0
0
1
0.0296458
0.746331
-0.664914
-0.00686219
-0.121297
-0.657604
-0.743535
0.0142366
-0.992173
0.102694
0.0710322
0.0684884
0
0
0
1
0.029624
0.736669
-0.675604
-0.00679011
-0.120824
-0.668306
-0.734009
0.0142461
-0.992232
0.103373
0.0692094
0.068231
0
0
0
1
0.0286807
0.732193
-0.680493
-0.00670264
-0.12084
-0.67324
-0.729483
0.0142636
-0.992258
0.103152
0.0691689
0.0681265
0
0
0
1
0.0290315
0.726569
-0.686479
-0.00669665
-0.122003
-0.679059
-0.723875
0.0144031
-0.992105
0.104768
0.0689296
0.0681729
0
0
0
1
0.0285826
0.715441
-0.698088
-0.00658606
-0.122676
-0.690584
-0.712773
0.0145109
-0.992035
0.106012
0.068029
0.0680637
0
0
0
1
0.0282132
0.712062
-0.701549
-0.00654756
-0.122371
-0.694089
-0.709412
0.0144967
-0.992083
0.105864
0.0675535
0.067871
0
0
0
1
0.0280881
0.697914
-0.715631
-0.00645044
-0.122871
-0.708074
-0.695366
0.0146068
-0.992025
0.107462
0.065865
0.0677533
0
0
0
1
0.0272665
0.688138
-0.725068
-0.00633497
-0.123103
-0.717505
-0.685589
0.0146747
-0.992019
0.107951
0.0651478
0.0676474
0
0
0
1
0.0256361
0.655931
-0.754385
-0.00601112
-0.123321
-0.746794
-0.653522
0.0148171
-0.992036
0.109785
0.0617454
0.0671137
0
0
0
1
0.0257093
0.653904
-0.756141
-0.00599822
-0.12434
-0.748425
-0.651459
0.0149097
-0.991907
0.110767
0.0620646
0.0671094
0
0
0
1
0.0243091
0.640599
-0.767491
-0.00582038
-0.125247
-0.759717
-0.638078
0.0150689
-0.991828
0.111637
0.0617648
0.0672564
0
0
0
1
0.0224844
0.612505
-0.790147
-0.00552796
-0.123337
-0.78261
-0.610172
0.0149906
-0.99211
0.111174
0.0579481
0.0663164
0
0
0
1
0.0218346
0.594741
-0.803621
-0.00535988
-0.12392
-0.796004
-0.592471
0.0151007
-0.992052
0.112521
0.05632
0.0660666
0
0
0
1
0.0209481
0.596368
-0.802438
-0.00531537
-0.124498
-0.794811
-0.593949
0.01517
-0.991999
0.112344
0.0575966
0.0665184
0
0
0
1
0.019219
0.563777
-0.825703
-0.00498997
-0.123295
-0.818216
-0.561535
0.01516
-0.992184
0.112597
0.0537858
0.0657048
0
0
0
1
0.0170908
0.54713
-0.836873
-0.00474269
-0.122605
-0.829532
-0.544834
0.015174
-0.992308
0.111917
0.0529037
0.0653892
0
0
0
1
0.0158928
0.532628
-0.8462
-0.00457055
-0.122849
-0.838855
-0.530312
0.0152259
-0.992298
0.112383
0.0521012
0.0652002
0
0
0
1
0.0158928
0.532628
-0.8462
-0.00457055
-0.122849
-0.838855
-0.530312
0.0152259
-0.992298
0.112383
0.0521012
0.0652002
0
0
0
1
0.0173572
-0.849008
-0.528095
0.00500831
-0.119927
-0.526129
0.841906
0.00614914
-0.992631
0.0487197
-0.110951
0.0168061
0
0
0
1
0.013823
0.487762
-0.872867
-0.00415131
-0.122514
-0.865547
-0.485611
0.0152921
-0.992371
0.113651
0.0477931
0.0643948
0
0
0
1
0.0128937
0.475884
-0.879413
-0.0040161
-0.122486
-0.872111
-0.473729
0.0153154
-0.992387
0.113824
0.0470442
0.0642488
0
0
0
1
0.00229154
0.0485417
0.998819
-0.000279544
-0.116367
0.992048
-0.0479457
0.00378883
-0.993204
-0.116119
0.00792196
0.0811579
0
0
0
1
0.0100135
-0.93097
0.364959
0.00586574
-0.108368
0.361817
0.925929
-0.00218978
-0.99406
-0.0488215
-0.0972639
0.00541597
0
0
0
1
0.0122592
0.479501
-0.877456
-0.00402024
-0.122302
-0.870214
-0.477252
0.0152675
-0.992417
0.113165
0.0479759
0.0636683
0
0
0
1
-3.97641e-06
0.0403646
0.999185
-6.2204e-05
-0.116701
0.992358
-0.0400893
0.00380433
-0.993167
-0.116606
0.00470666
0.0811114
0
0
0
1
-0.013218
-0.125031
-0.992065
0.00140031
0.115838
0.98528
-0.125719
-0.0148618
0.99318
-0.11658
0.00145983
-0.0572936
0
0
0
1
0.0051745
-0.755237
0.655431
0.0048168
-0.106108
0.651325
0.751343
-0.00450384
-0.994341
-0.0734346
-0.0767667
0.00345217
0
0
0
1
0.0100246
-0.765965
-0.642805
0.0046512
-0.117163
-0.639309
0.759972
0.00644234
-0.993062
0.0676946
-0.0961517
0.0148325
0
0
0
1
-0.00794026
-0.0764922
-0.997039
0.000766574
0.117432
0.990099
-0.0768951
-0.0150724
0.993049
-0.117695
0.00112102
-0.0580137
0
0
0
1
-0.00240352
0.0490591
0.998793
1.05965e-05
-0.116977
0.991925
-0.0490033
0.00381366
-0.993132
-0.116954
0.00335468
0.0811273
0
0
0
1
-0.0196264
-0.0311374
0.999322
0.0020584
-0.0393553
0.998764
0.0303471
-0.00327239
-0.999032
-0.038733
-0.0208276
0.0805071
0
0
0
1
0.0059341
-0.999801
-0.0190492
0.00629876
-0.107305
-0.0195762
0.994033
0.000300439
-0.994208
-0.00385461
-0.1074
0.00557604
0
0
0
1
-0.00386471
0.0219236
0.999752
0.000310567
-0.11718
0.992862
-0.0222255
0.00384799
-0.993103
-0.117237
-0.00126812
0.0811903
0
0
0
1
