0.11189
0.866298
-0.486835
-0.0858515
-0.942811
-0.062253
-0.327463
-0.00652583
-0.313987
0.495634
0.80979
0.399626
0
0
0
1
0.115281
0.860354
-0.49649
-0.0860023
-0.945041
-0.058955
-0.321593
-0.00625514
-0.305954
0.506277
0.806273
0.403041
0
0
0
1
0.115472
0.856525
-0.503022
-0.0868177
-0.945872
-0.0598143
-0.318981
-0.00633175
-0.303303
0.512628
0.803256
0.405184
0
0
0
1
0.115346
0.852357
-0.510081
-0.0881696
-0.946689
-0.0611667
-0.316289
-0.00645096
-0.300791
0.519371
0.799862
0.406998
0
0
0
1
0.11541
0.847672
-0.517815
-0.0889091
-0.947273
-0.0629526
-0.314182
-0.00668647
-0.298921
0.526772
0.795712
0.409046
0
0
0
1
0.115611
0.841878
-0.527138
-0.0898294
-0.948501
-0.0640029
-0.31024
-0.00671931
-0.294923
0.535859
0.791123
0.411512
0
0
0
1
0.116069
0.836245
-0.535931
-0.0909804
-0.949627
-0.0647056
-0.30663
-0.00687535
-0.291095
0.544524
0.786611
0.413539
0
0
0
1
0.114956
0.831107
-0.544101
-0.0918868
-0.951503
-0.0652156
-0.300647
-0.00706523
-0.285354
0.552275
0.783304
0.416491
0
0
0
1
0.114503
0.825594
-0.552525
-0.0928648
-0.952715
-0.0663232
-0.296539
-0.0072048
-0.281466
0.560353
0.778962
0.419007
0
0
0
1
0.114773
0.81979
-0.561045
-0.0939934
-0.953784
-0.0669482
-0.292939
-0.00727954
-0.27771
0.568738
0.774219
0.421229
0
0
0
1
0.114785
0.812771
-0.571163
-0.0952986
-0.955197
-0.0675922
-0.288148
-0.00732699
-0.272805
0.578649
0.768598
0.423751
0
0
0
1
0.113896
0.806277
-0.58047
-0.09672
-0.956751
-0.0684108
-0.28275
-0.0073853
-0.267685
0.587569
0.763614
0.426347
0
0
0
1
0.11438
0.799092
-0.590228
-0.0983038
-0.95755
-0.0695662
-0.279747
-0.00738405
-0.264604
0.597171
0.757213
0.427931
0
0
0
1
0.115299
0.790893
-0.600994
-0.0998222
-0.958228
-0.0708626
-0.277087
-0.00749922
-0.261734
0.607838
0.749686
0.42977
0
0
0
1
0.114725
0.783594
-0.610589
-0.10131
-0.959622
-0.071493
-0.272055
-0.00761271
-0.256834
0.617146
0.743752
0.43215
0
0
0
1
0.113909
0.775425
-0.62108
-0.102705
-0.961268
-0.0719017
-0.266072
-0.00766548
-0.250975
0.627332
0.737201
0.43466
0
0
0
1
0.11393
0.767195
-0.631214
-0.104219
-0.962416
-0.0724301
-0.261743
-0.00762712
-0.246527
0.637311
0.730109
0.436874
0
0
0
1
0.113745
0.757768
-0.642534
-0.10601
-0.963599
-0.0733533
-0.25709
-0.00760718
-0.241947
0.648388
0.721841
0.438916
0
0
0
1
0.115775
0.748386
-0.653081
-0.107747
-0.963943
-0.0739519
-0.255626
-0.0076187
-0.239604
0.659128
0.712839
0.44022
0
0
0
1
0.115399
0.739133
-0.6636
-0.109533
-0.965079
-0.0747396
-0.251072
-0.00761919
-0.235173
0.6694
0.704697
0.441941
0
0
0
1
0.115206
0.728683
-0.675091
-0.111012
-0.966232
-0.075486
-0.246368
-0.00756596
-0.230484
0.680678
0.695381
0.444116
0
0
0
1
0.114485
0.718681
-0.685851
-0.112809
-0.967455
-0.0761694
-0.241306
-0.0075515
-0.225663
0.691156
0.686571
0.446144
0
0
0
1
0.114588
0.707959
-0.696895
-0.114452
-0.96861
-0.0761566
-0.236631
-0.00758701
-0.220598
0.702135
0.67701
0.448443
0
0
0
1
0.11499
0.697175
-0.707619
-0.115926
-0.96934
-0.076973
-0.233357
-0.00759544
-0.217158
0.712757
0.666948
0.450093
0
0
0
1
0.114745
0.685129
-0.719327
-0.117402
-0.970477
-0.0773294
-0.228461
-0.00759227
-0.21215
0.724306
0.656029
0.452438
0
0
0
1
0.115474
0.672808
-0.73075
-0.1191
-0.971079
-0.0783078
-0.22555
-0.00769993
-0.208975
0.735661
0.644307
0.454001
0
0
0
1
0.114502
0.661475
-0.741175
-0.120564
-0.972203
-0.078771
-0.220493
-0.00772276
-0.204234
0.745819
0.634068
0.456339
0
0
0
1
0.11399
0.649309
-0.751934
-0.122066
-0.973218
-0.0791054
-0.215845
-0.00778695
-0.199632
0.7564
0.622902
0.458818
0
0
0
1
0.113356
0.637673
-0.761921
-0.123492
-0.974237
-0.079146
-0.211183
-0.0078783
-0.194969
0.766231
0.612273
0.460762
0
0
0
1
0.112943
0.624492
-0.772822
-0.124836
-0.975197
-0.0793405
-0.206631
-0.00793535
-0.190356
0.776991
0.600041
0.46328
0
0
0
1
0.113291
0.611194
-0.783331
-0.126946
-0.975829
-0.0798428
-0.203429
-0.00790529
-0.186878
0.787443
0.587375
0.464554
0
0
0
1
0.113283
0.597585
-0.793763
-0.128647
-0.976525
-0.0803474
-0.199856
-0.00779693
-0.183208
0.79777
0.574455
0.466047
0
0
0
1
0.114328
0.583665
-0.803906
-0.130695
-0.976935
-0.0808521
-0.197637
-0.00770177
-0.180351
0.807959
0.560959
0.466958
0
0
0
1
0.114236
0.570207
-0.813519
-0.132693
-0.977607
-0.0811543
-0.19416
-0.00751734
-0.176732
0.817482
0.548168
0.468612
0
0
0
1
0.115888
0.556365
-0.822817
-0.134708
-0.977925
-0.0811037
-0.192574
-0.00736961
-0.173875
0.826971
0.534684
0.469662
0
0
0
1
0.11571
0.540876
-0.833105
-0.136708
-0.97868
-0.0812123
-0.188654
-0.0071774
-0.169697
0.837172
0.519948
0.470788
0
0
0
1
0.116788
0.525913
-0.842482
-0.138577
-0.979065
-0.0814251
-0.186551
-0.00712792
-0.166709
0.846632
0.505393
0.471982
0
0
0
1
0.115782
0.511286
-0.851576
-0.140319
-0.979858
-0.0816467
-0.182245
-0.00707935
-0.162707
0.855524
0.491534
0.473668
0
0
0
1
0.11623
0.496536
-0.860199
-0.142313
-0.980282
-0.0819972
-0.179788
-0.00702657
-0.159805
0.864134
0.477215
0.474624
0
0
0
1
0.115654
0.482036
-0.868485
-0.144319
-0.980899
-0.0822491
-0.176275
-0.00681499
-0.156403
0.872282
0.463316
0.476643
0
0
0
1
0.117134
0.465827
-0.877089
-0.146335
-0.981213
-0.082043
-0.174614
-0.00663861
-0.153299
0.881064
0.447466
0.477418
0
0
0
1
0.116967
0.449221
-0.885731
-0.148284
-0.981793
-0.0821063
-0.171294
-0.00649389
-0.149673
0.88964
0.431438
0.478127
0
0
0
1
0.116267
0.434188
-0.893287
-0.150088
-0.982367
-0.0823081
-0.167868
-0.00647908
-0.146411
0.897054
0.416963
0.479512
0
0
0
1
0.118021
0.416945
-0.901237
-0.152513
-0.982574
-0.0822093
-0.166705
-0.00610284
-0.143597
0.905206
0.399977
0.480544
0
0
0
1
0.117171
0.401246
-0.908445
-0.154406
-0.983107
-0.0826535
-0.163307
-0.00609933
-0.140612
0.912234
0.384783
0.481648
0
0
0
1
0.118471
0.384535
-0.915477
-0.156388
-0.983334
-0.0826179
-0.161955
-0.00594487
-0.137912
0.919406
0.368338
0.482513
0
0
0
1
0.118593
0.366869
-0.922682
-0.15845
-0.983783
-0.0825125
-0.159254
-0.00575098
-0.134558
0.926606
0.351134
0.483064
0
0
0
1
0.117307
0.35057
-0.929161
-0.160364
-0.98435
-0.0828471
-0.155533
-0.00577955
-0.131504
0.932865
0.335365
0.48426
0
0
0
1
0.11705
0.335273
-0.934821
-0.162132
-0.984701
-0.0831701
-0.153125
-0.00584776
-0.129088
0.938443
0.320409
0.485399
0
0
0
1
0.117849
0.316393
-0.94128
-0.164238
-0.985046
-0.0827224
-0.151134
-0.005671
-0.125683
0.945015
0.301913
0.485848
0
0
0
1
0.118964
0.299967
-0.946503
-0.165877
-0.98517
-0.0830509
-0.150144
-0.00582767
-0.123646
0.950328
0.285638
0.48675
0
0
0
1
0.117661
0.281067
-0.952448
-0.16784
-0.985813
-0.0825549
-0.146145
-0.00585827
-0.119706
0.956131
0.267366
0.487953
0
0
0
1
0.116922
0.264954
-0.957146
-0.169653
-0.986208
-0.0827078
-0.143367
-0.00602879
-0.117149
0.960708
0.251629
0.48908
0
0
0
1
0.116848
0.246818
-0.961991
-0.171733
-0.986562
-0.0825371
-0.141009
-0.00596187
-0.114203
0.96554
0.233857
0.489868
0
0
0
1
0.117988
0.228908
-0.966271
-0.17362
-0.98669
-0.082627
-0.140056
-0.00601257
-0.1119
0.969935
0.216112
0.490109
0
0
0
1
0.117963
0.210007
-0.970557
-0.175964
-0.987038
-0.0823025
-0.137775
-0.00578786
-0.108813
0.97423
0.197577
0.490493
0
0
0
1
0.11896
0.192043
-0.97415
-0.177873
-0.987196
-0.0821309
-0.136744
-0.00569611
-0.106268
0.977944
0.179813
0.49073
0
0
0
1
0.117682
0.17377
-0.97773
-0.180019
-0.987649
-0.0820825
-0.133464
-0.00563474
-0.103447
0.98136
0.161964
0.491299
0
0
0
1
0.117695
0.155538
-0.980793
-0.182253
-0.987904
-0.0820744
-0.131564
-0.00544514
-0.100961
0.984414
0.143997
0.491458
0
0
0
1
0.116965
0.13667
-0.983687
-0.184343
-0.988265
-0.0819591
-0.128896
-0.00546196
-0.0982384
0.98722
0.12548
0.491713
0
0
0
1
0.117451
0.117547
-0.986097
-0.18647
-0.988496
-0.0814464
-0.127445
-0.00536579
-0.0952949
0.989722
0.106628
0.492107
0
0
0
1
0.117073
0.0988154
-0.988195
-0.188619
-0.988792
-0.0812358
-0.125267
-0.00532605
-0.0926551
0.991784
0.0881974
0.492555
0
0
0
1
0.117453
0.0804207
-0.989817
-0.190963
-0.988966
-0.0811372
-0.123944
-0.00506004
-0.0902787
0.993453
0.0700035
0.492617
0
0
0
1
0.116763
0.0615402
-0.991251
-0.19283
-0.989231
-0.0814825
-0.121584
-0.00539669
-0.0882519
0.994773
0.0513633
0.49296
0
0
0
1
0.117213
0.0429871
-0.992176
-0.195043
-0.98938
-0.081414
-0.12041
-0.00524975
-0.0859531
0.995753
0.0329878
0.492741
0
0
0
1
0.117104
0.0236925
-0.992837
-0.197266
-0.989623
-0.0810348
-0.118659
-0.00515581
-0.0832657
0.99643
0.0139571
0.49283
0
0
0
1
0.115976
0.00393177
-0.993244
-0.199626
-0.989984
-0.0805895
-0.115914
-0.00508581
-0.0805008
0.99674
-0.00545404
0.493155
0
0
0
1
0.116058
-0.0143234
-0.993139
-0.201753
-0.990138
-0.0806647
-0.114544
-0.00502378
-0.0784706
0.996638
-0.0235439
0.492837
0
0
0
1
0.115908
-0.0337981
-0.992685
-0.203953
-0.990347
-0.0804136
-0.112898
-0.00503655
-0.0760097
0.996188
-0.0427925
0.492732
0
0
0
1
0.11494
-0.0542636
-0.991889
-0.206304
-0.990675
-0.0797917
-0.110434
-0.00499511
-0.073152
0.995333
-0.0629289
0.492697
0
0
0
1
