-0.431594
0.901893
0.0177733
0.029563
0.90168
0.430746
0.0378361
-0.0401894
0.0264684
0.0323556
-0.999126
0.331296
0
0
0
1
-0.437456
0.896717
0.0673027
0.0303785
0.898732
0.433467
0.0662388
-0.0401899
0.030224
0.0894636
-0.995531
0.328087
0
0
0
1
-0.431459
0.902011
0.0148089
0.0301654
0.901713
0.430701
0.0375551
-0.0401875
0.0274969
0.0295569
-0.999185
0.33128
0
0
0
1
-0.429984
0.902836
0.00128015
0.0295585
0.902359
0.42971
0.0331264
-0.0401334
0.0293576
0.015399
-0.99945
0.332383
0
0
0
1
-0.457185
0.857837
-0.234728
0.0329422
0.864092
0.365962
-0.345567
-0.0372398
-0.210539
-0.360814
-0.908563
0.35425
0
0
0
1
-0.457185
0.857837
-0.234728
0.0329422
0.864092
0.365962
-0.345567
-0.0372398
-0.210539
-0.360814
-0.908563
0.35425
0
0
0
1
-0.453595
0.857388
-0.243183
0.0326734
0.868111
0.363352
-0.338169
-0.0374326
-0.201581
-0.364502
-0.909123
0.354247
0
0
0
1
-0.436226
0.894839
0.0947121
0.031124
0.899756
0.435177
0.0325591
-0.0407728
-0.0120814
0.0994209
-0.994972
0.332935
0
0
0
1
-0.434152
0.895348
0.0993208
0.0311755
0.900693
0.429445
0.0657967
-0.0406374
0.0162581
0.118023
-0.992878
0.332531
0
0
0
1
-0.431784
0.89408
0.119092
0.0309897
0.901957
0.427121
0.0635661
-0.040795
0.00596649
0.134863
-0.990846
0.33224
0
0
0
1
-0.450938
0.852587
-0.264103
0.0331077
0.876393
0.366891
-0.311972
-0.0381274
-0.169087
-0.372138
-0.912646
0.356239
0
0
0
1
-0.436385
0.883016
0.172776
0.0317265
0.899446
0.433187
0.0578404
-0.0408213
-0.0237704
0.180643
-0.983261
0.332662
0
0
0
1
-0.437394
0.868455
0.233394
0.0318444
0.898588
0.432191
0.0758324
-0.0407912
-0.0350138
0.242894
-0.969421
0.330531
0
0
0
1
-0.432149
0.879373
0.199874
0.0309311
0.901663
0.425233
0.0786225
-0.0407025
-0.0158543
0.214195
-0.976662
0.332883
0
0
0
1
-0.43078
0.873656
0.226171
0.0309903
0.900949
0.430816
0.051845
-0.0412957
-0.0521433
0.226102
-0.972707
0.333659
0
0
0
1
-0.429427
0.878825
0.207988
0.0308565
0.902664
0.424851
0.0685524
-0.040901
-0.0281185
0.217182
-0.975726
0.33415
0
0
0
1
-0.430372
0.857239
0.282705
0.0311682
0.900543
0.429158
0.0696049
-0.0412441
-0.061657
0.284544
-0.956678
0.331888
0
0
0
1
-0.426845
0.860252
0.278872
0.0307756
0.90259
0.424354
0.0724892
-0.0409402
-0.0559814
0.282649
-0.957588
0.333433
0
0
0
1
-0.425624
0.85731
0.289592
0.0302844
0.902114
0.427091
0.0615065
-0.0408497
-0.0709522
0.287424
-0.955172
0.335546
0
0
0
1
-0.425549
0.856601
0.291792
0.0296743
0.902089
0.427108
0.0617646
-0.0408508
-0.0717192
0.289506
-0.954485
0.335558
0
0
0
1
-0.425754
0.841013
0.333812
0.0303691
0.901546
0.425728
0.0772711
-0.0408076
-0.077127
0.333845
-0.939467
0.333585
0
0
0
1
-0.419021
0.847804
0.325039
0.0295819
0.903681
0.424181
0.0585747
-0.0408246
-0.0882154
0.318276
-0.943885
0.336037
0
0
0
1
-0.422584
0.822237
0.381248
0.0302572
0.900718
0.427721
0.0759094
-0.0408924
-0.100652
0.375475
-0.921351
0.333746
0
0
0
1
-0.420874
0.819334
0.389303
0.0303375
0.900053
0.430646
0.0666983
-0.0407973
-0.113004
0.378465
-0.918692
0.335579
0
0
0
1
-0.412161
0.824196
0.388362
0.0299151
0.902863
0.426693
0.0526456
-0.0412253
-0.122321
0.372336
-0.920002
0.337145
0
0
0
1
-0.412732
0.809056
0.418427
0.0300253
0.901697
0.42789
0.0620699
-0.0412433
-0.128823
0.402913
-0.906127
0.336265
0
0
0
1
-0.411768
0.807031
0.42326
0.0301199
0.901872
0.42749
0.062287
-0.0412338
-0.130672
0.407373
-0.903865
0.336479
0
0
0
1
-0.408872
0.789392
0.457912
0.0305866
0.901952
0.425948
0.0710675
-0.0413907
-0.138947
0.442072
-0.886152
0.334896
0
0
0
1
-0.404767
0.804552
0.434579
0.030459
0.90478
0.421207
0.0629163
-0.0413678
-0.132428
0.418665
-0.898433
0.339204
0
0
0
1
-0.406295
0.776071
0.482326
0.0317537
0.903303
0.4207
0.0839972
-0.0413291
-0.137726
0.469814
-0.871956
0.336498
0
0
0
1
-0.40121
0.78191
0.477124
0.0306629
0.903964
0.422103
0.0683943
-0.0412096
-0.147917
0.458743
-0.876171
0.339401
0
0
0
1
-0.399066
0.767297
0.501998
0.0308912
0.902809
0.424493
0.0688625
-0.0412857
-0.160256
0.480689
-0.862123
0.33889
0
0
0
1
-0.39525
0.764313
0.509513
0.0303936
0.905337
0.41796
0.0753312
-0.0407328
-0.155379
0.491056
-0.857159
0.341262
0
0
0
1
-0.392758
0.742125
0.543132
0.0302953
0.900783
0.429436
0.0646148
-0.0407708
-0.185288
0.514622
-0.837158
0.339972
0
0
0
1
-0.381525
0.745592
0.54638
0.0290342
0.90443
0.423181
0.0540696
-0.040875
-0.190903
0.514791
-0.835791
0.33994
0
0
0
1
-0.38398
0.731413
0.563556
0.0293259
0.900979
0.43031
0.0554047
-0.0406413
-0.20198
0.529026
-0.824218
0.341311
0
0
0
1
-0.376889
0.72074
0.581798
0.0285748
0.903638
0.424068
0.0600365
-0.0407104
-0.203451
0.548362
-0.811115
0.340123
0
0
0
1
-0.376991
0.70689
0.598485
0.0291272
0.901381
0.428635
0.0615134
-0.0406212
-0.213048
0.562653
-0.798769
0.340549
0
0
0
1
-0.368805
0.712031
0.59749
0.028246
0.902613
0.427848
0.047276
-0.0406381
-0.221973
0.556738
-0.800481
0.342062
0
0
0
1
-0.365401
0.698876
0.614861
0.0285521
0.905354
0.420364
0.060234
-0.0402589
-0.216369
0.578677
-0.786332
0.342573
0
0
0
1
-0.360958
0.690854
0.626443
0.0280198
0.904361
0.423305
0.0542656
-0.0401416
-0.227687
0.586118
-0.777576
0.344181
0
0
0
1
-0.357425
0.669143
0.651533
0.0280695
0.903513
0.424366
0.0598224
-0.0399732
-0.236458
0.61005
-0.756258
0.344244
0
0
0
1
-0.352384
0.663045
0.660452
0.0278879
0.904945
0.421292
0.0598869
-0.0401133
-0.238536
0.618777
-0.748476
0.343576
0
0
0
1
-0.345812
0.654931
0.671922
0.0270313
0.9034
0.425896
0.0498178
-0.0395722
-0.253542
0.624242
-0.738944
0.344864
0
0
0
1
-0.344549
0.635406
0.691046
0.0272075
0.902633
0.426501
0.0578832
-0.039577
-0.257953
0.643705
-0.720489
0.344376
0
0
0
1
-0.33367
0.644351
0.688096
0.0266342
0.906623
0.419319
0.046977
-0.0395045
-0.258262
0.639519
-0.724097
0.348371
0
0
0
1
-0.329388
0.620326
0.711828
0.0264147
0.902733
0.427855
0.044871
-0.0394559
-0.276724
0.657371
-0.700919
0.345833
0
0
0
1
-0.324695
0.615909
0.717795
0.0264806
0.907286
0.417237
0.0523984
-0.0394739
-0.267218
0.668259
-0.69428
0.34775
0
0
0
1
-0.321326
0.599274
0.733226
0.02679
0.905241
0.421698
0.0520498
-0.0395756
-0.278008
0.680472
-0.67799
0.348064
0
0
0
1
-0.314176
0.586488
0.746542
0.0262514
0.905418
0.421586
0.0498372
-0.0393852
-0.285503
0.69159
-0.663469
0.348993
0
0
0
1
-0.30954
0.580884
0.752834
0.0261005
0.905592
0.421527
0.0471002
-0.0395899
-0.28998
0.69634
-0.656523
0.348884
0
0
0
1
-0.30412
0.560405
0.770362
0.0264421
0.904913
0.422679
0.0497572
-0.039622
-0.297732
0.712242
-0.635663
0.348667
0
0
0
1
-0.298524
0.556771
0.77517
0.0263198
0.908151
0.415487
0.0513099
-0.0395245
-0.293505
0.719289
-0.629665
0.351757
0
0
0
1
-0.291143
0.548646
0.783724
0.0260105
0.908276
0.415799
0.0463324
-0.0395468
-0.300452
0.725327
-0.619378
0.352185
0
0
0
1
-0.288604
0.5245
0.801004
0.0260741
0.904964
0.42262
0.0493287
-0.03992
-0.312647
0.739116
-0.596623
0.349874
0
0
0
1
-0.278174
0.510837
0.813428
0.0250889
0.90598
0.420866
0.0455182
-0.0396255
-0.319092
0.749611
-0.579882
0.349009
0
0
0
1
-0.275909
0.492009
0.825713
0.0250565
0.903948
0.424837
0.0489077
-0.0395061
-0.32673
0.759895
-0.561966
0.349683
0
0
0
1
-0.270047
0.487764
0.830157
0.0249205
0.90727
0.417592
0.0497731
-0.0394075
-0.32239
0.766618
-0.555303
0.352816
0
0
0
1
-0.26565
0.464373
0.84486
0.0246673
0.903368
0.42595
0.0499253
-0.0393424
-0.336684
0.776482
-0.532653
0.350164
0
0
0
1
-0.252857
0.466401
0.847664
0.0237069
0.907523
0.418025
0.0407074
-0.0394435
-0.335359
0.779567
-0.52897
0.353632
0
0
0
1
-0.250864
0.445455
0.85944
0.0238401
0.908329
0.415268
0.0498977
-0.0393828
-0.334671
0.793172
-0.508796
0.352732
0
0
0
1
-0.242354
0.438411
0.865483
0.0233037
0.906991
0.419081
0.0416917
-0.0392758
-0.344429
0.795089
-0.499201
0.354103
0
0
0
1
-0.234399
0.42708
0.873304
0.0227162
0.911353
0.409214
0.0444902
-0.0390413
-0.338367
0.806317
-0.485141
0.35551
0
0
0
1
-0.225738
0.415453
0.881159
0.0222785
0.908655
0.415934
0.0366751
-0.0394332
-0.351267
0.808948
-0.471396
0.353771
0
0
0
1
-0.223217
0.39619
0.890622
0.0222313
0.906723
0.419776
0.0405169
-0.0393067
-0.35781
0.816591
-0.452936
0.35451
0
0
0
1
-0.21789
0.372533
0.902077
0.0221289
0.907714
0.416941
0.0470666
-0.0394518
-0.358579
0.829084
-0.429001
0.353367
0
0
0
1
-0.205842
0.374675
0.904018
0.0210091
0.905483
0.423267
0.0307505
-0.0393938
-0.371119
0.824902
-0.426388
0.355672
0
0
0
1
-0.19759
0.348509
0.916242
0.0207321
0.906505
0.420703
0.0354681
-0.0393497
-0.373105
0.837586
-0.399051
0.355065
0
0
0
1
-0.198352
0.33371
0.921572
0.0209305
0.908852
0.414633
0.0454714
-0.0389768
-0.36694
0.846592
-0.385536
0.356866
0
0
0
1
-0.187486
0.317651
0.929487
0.0199091
0.906167
0.421131
0.0388611
-0.0393621
-0.379092
0.849557
-0.366801
0.355092
0
0
0
1
