0.453046059281
0.451574761818
0.449661141018
0.447926435434
0.445483402338
0.442970487506
0.440329173118
0.437088881032
0.433270766604
0.428945759356
0.42459345459
0.420206865359
0.415151108147
0.412142859354
0.407907670274
0.404320874629
0.400763245455
0.397401990258
0.393961418024
0.390795270415
0.388344304113
0.385443798932
0.383086110551
0.380908510987
0.378843861702
0.37674637907
0.374950031301
0.373393172482
0.371822169509
0.370485136028
0.368643236736
0.367408811573
0.365790210715
0.364530275425
0.363092020827
0.36196242947
0.36078586939
0.359869706008
0.358655601084
0.357793111749
0.356689639229
0.355495329086
0.354752572526
0.353732331565
0.352760168812
0.351908932957
0.351030654089
0.350127514165
0.349507138898
0.348645858259
0.347781911926
0.347068904125
0.346485037392
0.345895895758
0.344948719488
0.347806444618
0.343590885136
0.342990631961
0.338203688671
0.346561676805
0.340974352128
0.336328361866
0.340105552511
0.344545777698
0.341929354607
0.338365489247
0.333666965477
0.333879208697
0.340960909963
0.332326462535
