0.797088029316
0.79367451436
0.790124252033
0.787873932002
0.783580142638
0.779764751056
0.775464289037
0.77222718921
0.769332549944
0.765323978801
0.762502846427
0.759053923119
0.756626921551
0.7529650865
0.750149055361
0.74877494037
0.746134872612
0.744896798409
0.742212173218
0.74109611595
0.73933285876
0.738127959358
0.738168624468
0.736828646992
0.736051030144
0.736080240069
0.73541099857
0.735687857242
0.735936698049
0.735572498101
0.735659984956
0.73624323836
0.735900661656
0.735814734779
0.735539515931
0.735855433686
0.736487199509
0.736767809669
0.737284156359
0.737433774481
0.737252677696
0.737477504523
0.737612866933
0.738153832871
0.738343654697
0.739869553684
0.73944265117
0.739646896976
0.741285601195
0.7417297734
0.741069366702
0.742628526617
0.743204652287
0.74347120915
0.742851726951
0.873646479612
0.744175654791
0.744230911217
0.801942367159
0.799359181621
0.742830876775
0.796048603474
0.784756746757
0.776893896814
0.892435916138
0.773963552778
0.788684235308
0.779550279537
0.857176108541
0.781943970444
