0.461702687758
0.460137430307
0.458244891748
0.456596170003
0.454200878961
0.451661436012
0.449118686322
0.445857458403
0.44202836046
0.437718281913
0.43337521681
0.429004960047
0.432325996882
0.421046554978
0.41683704356
0.413207261009
0.409651046285
0.406290384313
0.402930151879
0.399743429374
0.397274529365
0.394373639465
0.391979909273
0.389754559018
0.38766086016
0.385549180992
0.383705811899
0.382049822725
0.380427253258
0.379049618067
0.377200019622
0.375866446812
0.374244257919
0.372933127782
0.371499215065
0.370302117162
0.369007979356
0.367981267919
0.366696325399
0.365731758133
0.364592758922
0.363323921651
0.362480534747
0.361383377717
0.360333365526
0.359318007211
0.358375892012
0.357440832864
0.35658191882
0.355615628138
0.354785497299
0.353861254452
0.35316881796
0.352486749558
0.35149925029
0.349179947804
0.349871070086
0.349184300326
0.347358052293
0.347568450152
0.346909167043
0.345333853229
0.344816394042
0.345309834109
0.342713182012
0.343081397454
0.342467372984
0.342461215878
0.341474984896
0.341038716254
