-0.0599861123772
-0.0586665281376
-0.0585176853253
-0.0589590023643
-0.0586496350508
-0.0582122491281
-0.0581805124823
-0.0574474257095
-0.0567244087522
-0.0561055114843
-0.0555035542148
-0.0548929294522
-0.0554670457639
-0.0543842486793
-0.0537830975391
-0.0530560092131
-0.0524990791025
-0.0521508890689
-0.0519924593001
-0.0516712495003
-0.0510665735271
-0.0506168159422
-0.0500143080775
-0.0495347963312
-0.0487289809807
-0.0483383287683
-0.047498147254
-0.0466656045163
-0.0458802439307
-0.0449257276042
-0.044704103886
-0.0440816720664
-0.043856394591
-0.0434151173942
-0.0430544951701
-0.0426655201774
-0.0420888648025
-0.0412747124397
-0.0408252000886
-0.0400476591254
-0.0395515247479
-0.0390053010669
-0.0382081401201
-0.0378153751611
-0.0370819961148
-0.0363557578235
-0.035772428322
-0.0349523608545
-0.0339177366337
-0.0332506865965
-0.0323099243635
-0.0312889322757
-0.0302197211884
-0.0294054134759
-0.0286197773398
-0.0285878392175
-0.0270865596812
-0.0262516330655
-0.0258716562328
-0.0264304430048
-0.0238712833562
-0.0232710423902
-0.0214556211708
-0.0228062252208
-0.0210750181489
-0.0189889075341
-0.0191569686803
-0.0178722643733
-0.018727507018
-0.0166392279359
