-0.0657290375318
-0.0660675997387
-0.0660978031131
-0.0660742532338
-0.0663565897161
-0.0662309144614
-0.0665795890058
-0.0666481550463
-0.0666922462425
-0.0667457971168
-0.0667370387018
-0.0667698460869
-0.107138843648
-0.0667893587163
-0.0668717566302
-0.0667078014654
-0.0666831876003
-0.0665117981507
-0.0666625275411
-0.0663622477343
-0.0663924559948
-0.0663444294098
-0.0662710356378
-0.0660577511406
-0.0662099491272
-0.0661342785032
-0.0662310359258
-0.0660448873354
-0.0660921515759
-0.0663404547668
-0.0662084730757
-0.0659026342822
-0.0658247900383
-0.0656652394909
-0.0657431490847
-0.0654714519106
-0.0650305523285
-0.064810541964
-0.064541908169
-0.0643427780786
-0.0643121918133
-0.0640775274984
-0.0638974834024
-0.0635718545975
-0.063445434629
-0.0628314577584
-0.0626984308953
-0.0628729297394
-0.0620081593844
-0.0616679198248
-0.0622620238847
-0.0614976902735
-0.0613441219207
-0.0611413082142
-0.0611801620067
-0.0118342080088
-0.0601779662305
-0.0599829454275
-0.0748768246239
0.000513218816296
-0.0592673873223
-0.0748141816559
-0.0525948198204
0.00263907066617
-0.00961692224729
-0.0534140651518
-0.0747212704582
-0.0740603844622
0.000321974961797
-0.0747640580547
