-0.105126753912
-0.104789910102
-0.104147024762
-0.103807264122
-0.102720093513
-0.099860644487
-0.0974526558671
-0.0925315405476
-0.0875824812539
-0.0815323969395
-0.075178958722
-0.0688945582884
-0.0640127014919
-0.0600135930567
-0.0541402094483
-0.0489713737575
-0.0447706304847
-0.0408756195839
-0.0382225774132
-0.0344507241576
-0.0319443366319
-0.0285786397963
-0.0261505575108
-0.0243983837076
-0.0222784841375
-0.0211437853752
-0.0192491592294
-0.0178349452988
-0.0164932607293
-0.0154068859531
-0.0144137766912
-0.0139931683018
-0.0135671565617
-0.0132097743678
-0.0131234951176
-0.0125400460526
-0.0125228437189
-0.0117896725504
-0.0116477659649
-0.0115265242868
-0.0114986591538
-0.0107596958897
-0.0104275456582
-0.0108827743736
-0.010239892381
-0.0103130173716
-0.00994323899348
-0.00924551990097
-0.00912445555119
-0.00870121464579
-0.00884204649095
-0.00759413608713
-0.00716690294438
-0.00678025242204
-0.00645529846029
-0.00603509894205
-0.00573223835998
-0.00498467532078
-0.00457502634665
-0.00369410932082
-0.00318064674152
-0.00248366967179
-0.00234292654943
-0.0014619513468
-0.00106404900962
-0.000373890336006
0.000616913801709
0.0010223766965
0.00169206331444
0.00277054819601
