0.087486700389
0.080900493328
0.073848497288
0.0667930972712
0.0597336583352
0.0519220383294
0.0444019623666
0.0355256664761
0.0270942354141
0.018644460516
0.0103615487407
0.00203680809127
-0.00489654448092
-0.0114229300016
-0.0188210975552
-0.0255364073258
-0.0318069480172
-0.0378048130017
-0.0429970830916
-0.0485522840473
-0.0534390244317
-0.0588725038145
-0.0638793960053
-0.0681165057524
-0.0726264777952
-0.0766882947027
-0.0811467123163
-0.0855580147773
-0.0895165514523
-0.0935258475577
-0.097431496491
-0.10081507091
-0.104149797246
-0.107904202231
-0.111227245266
-0.114384296497
-0.117602444193
-0.121025076145
-0.12420151881
-0.128033882682
-0.130859199957
-0.133689857825
-0.13680852789
-0.139996657749
-0.143073384363
-0.145808372712
-0.148279113497
-0.151329414867
-0.154278394014
-0.15662974021
-0.159230632426
-0.162094243638
-0.164885810907
-0.167306007311
-0.169489355469
-0.171894633078
-0.173771461887
-0.176087182353
-0.178183397827
-0.180296479176
-0.182317313667
-0.18441444247
-0.186235298654
-0.188087151488
-0.189717878612
-0.191405350065
-0.193351678554
-0.194641378116
-0.196069711451
-0.19761313709
