0.247253731052
0.241954355959
0.233882394718
0.225117112811
0.217210623675
0.208061820564
0.199133629998
0.189271364911
0.180641709497
0.172161842472
0.165806642375
0.159953930558
0.155243860034
0.15248588076
0.149573824481
0.148146469046
0.147410438151
0.147312072447
0.147539828875
0.147559719978
0.149346031904
0.150423164715
0.152662299306
0.154279125692
0.157247238851
0.159548816407
0.161739488131
0.164329504196
0.166357715129
0.169334184716
0.171010508038
0.172758391147
0.174150420153
0.17577628972
0.17701281325
0.17842063038
0.179967303122
0.181329959377
0.182379032371
0.183864131241
0.184892148747
0.185957783134
0.186850131785
0.188182695156
0.189062054666
0.190042873892
0.190843060228
0.191920312886
0.192379078258
0.193307788644
0.193998057164
0.195577336582
0.196238726794
0.197139202895
0.197685204965
0.198460232424
0.198832894988
0.199479758904
0.200048841737
0.200748498264
0.20145864762
0.202213590876
0.202595547375
0.203318642492
0.203690102419
0.204258777206
0.20517237091
0.205269138533
0.205766636831
0.206538949001
