-0.205982645837
-0.202524307894
-0.195961147273
-0.188256337351
-0.181826641304
-0.174990499156
-0.167885818933
-0.161243575377
-0.155649087999
-0.150481069722
-0.147419826106
-0.144342132283
-0.141347281467
-0.139713382142
-0.138155466695
-0.137466624109
-0.136798194359
-0.136384847129
-0.135861276771
-0.135017385098
-0.135750017571
-0.135441567198
-0.136166621231
-0.136260445988
-0.137679911366
-0.138302822142
-0.138579735062
-0.139161513296
-0.139246718991
-0.140319670101
-0.13979964375
-0.139592171808
-0.138914077169
-0.138128523591
-0.137075927285
-0.136355789409
-0.135650557308
-0.134515756448
-0.133042939392
-0.131455250485
-0.13011055796
-0.128808182842
-0.126837158341
-0.125280596251
-0.123164977998
-0.121448977092
-0.11973099071
-0.117674700153
-0.1145627828
-0.112957135658
-0.11046569646
-0.109170874601
-0.106164696381
-0.104050917406
-0.101543723423
-0.0990064470304
-0.09646315673
-0.0935982448305
-0.0908255743333
-0.0882014325756
-0.0856496778987
-0.0829185210217
-0.079723773409
-0.0771981640195
-0.0741326659305
-0.0713126933858
-0.0686327152502
-0.065185181637
-0.0623996314577
-0.0599975796752
