0.244315541664
0.238729610704
0.233424711292
0.228685499271
0.223066498729
0.213920108441
0.206068902861
0.193554706185
0.181867148155
0.168740615588
0.155730953069
0.143072403179
0.133496048235
0.125668642171
0.114624152928
0.105038674624
0.0972300129285
0.0901469081798
0.0852747213732
0.0785489294588
0.0740934317268
0.0681380618246
0.063730382599
0.0606953509045
0.0569703569037
0.0549737344274
0.0516285248509
0.0490482679101
0.0466501255613
0.044687897631
0.042925912972
0.0420800631385
0.041246608411
0.0404102694085
0.0399584548573
0.0388585530736
0.0386105335811
0.0372346948783
0.0367821380571
0.0361785587752
0.0358240220482
0.0345242208788
0.0337489929641
0.0339446437321
0.0327839529431
0.0325342106574
0.0317007022284
0.0304508132203
0.0299520980171
0.0289633141365
0.0288746049621
0.026796758404
0.0259001080716
0.0249779392815
0.0242032618173
0.023158316199
0.0223270820061
0.0209623209487
0.0199685483122
0.0184226391326
0.0172280667162
0.0158480614252
0.0151250619407
0.0137569849827
0.012726228577
0.0112913951904
0.00953799312827
0.00851139503213
0.00717143891313
0.00530653659545
