0.396282500368
0.388984870815
0.376597843855
0.362469761099
0.350893367416
0.338485936422
0.32597883871
0.314196784369
0.304833850729
0.296470628745
0.291747953537
0.287357152037
0.283581990217
0.281960699485
0.280485006331
0.280469654722
0.280674741199
0.281475754139
0.282151429761
0.282472315344
0.285066412275
0.286292400617
0.288846337408
0.290544510045
0.294246839132
0.296903797096
0.298980033975
0.301429831637
0.303303634217
0.306383059566
0.307813734673
0.309656456843
0.310982957469
0.312058285318
0.312885537261
0.314290477871
0.315658977818
0.316428202515
0.316935083716
0.317180579928
0.317982609793
0.31895838988
0.318863650621
0.319572997659
0.319459407258
0.319948700606
0.320682789347
0.320770715914
0.319519618533
0.320541153565
0.320013944304
0.321341182199
0.320432249202
0.320833571514
0.320740933241
0.320895727975
0.320872013065
0.32061890566
0.320597806133
0.320706051331
0.320916349969
0.320896949077
0.320513514361
0.320707445098
0.320523798807
0.320635833756
0.321009194171
0.320434908707
0.320728197432
0.321614787384

