0.0602376666155
0.0559043810497
0.0526349785076
0.0498534813247
0.0467099092988
0.0437185872254
0.0411831323209
0.0385979197143
0.0368016559811
0.0359370656189
0.0361532044215
0.0375897104633
0.0396633355697
0.0423817603365
0.0461074547434
0.0502440999047
0.0545530044958
0.059008209823
0.0630395507422
0.0674734216627
0.071965045003
0.076735500467
0.081484759556
0.0856002455185
0.0903112532507
0.0944542848894
0.0990907387934
0.10378585946
0.108019970661
0.112592658787
0.116569727492
0.120370651933
0.123908071637
0.127936808799
0.131504227091
0.135022981557
0.138677326789
0.142565899571
0.146045467975
0.150300270894
0.15357181154
0.156864543295
0.160470216291
0.164100732826
0.167628847217
0.170956342059
0.17404018411
0.177654502316
0.181125394055
0.184203756921
0.187449081966
0.19113132175
0.194601761413
0.197832637526
0.200739379086
0.20388658978
0.206644263344
0.209807138328
0.212762511579
0.215764811513
0.218785438093
0.221867457656
0.224683414656
0.227605956077
0.23027464829
0.233105415799
0.236212763283
0.238693638831
0.24139481956
0.244250906398

