-0.0551890847073
-0.0497026590121
-0.0449512229682
-0.0404668076076
-0.0352399225675
-0.0295192460855
-0.0239784668827
-0.017185711055
-0.0104285336769
-0.00364096296984
0.00340683953977
0.0105901238402
0.016657450931
0.022723443296
0.0294963975867
0.0359390998039
0.0420583341067
0.0479700342108
0.0531490555627
0.0586143490598
0.0639219304564
0.0694840718578
0.0749000732588
0.0795803409528
0.0847982208396
0.0894083157544
0.0944897002571
0.0996175155196
0.104220918024
0.109168469524
0.113481358994
0.117576981576
0.121396193754
0.12571308389
0.129534317465
0.133313123024
0.137206608758
0.141330479926
0.145016060537
0.149472187915
0.152904173865
0.156342644783
0.160078897372
0.163805964799
0.167410249381
0.170779346017
0.17387932443
0.177480206485
0.180895471517
0.18389245892
0.187010076016
0.190520124545
0.193778446241
0.196779317672
0.199404731369
0.20223023645
0.204656007353
0.207414608566
0.209953611211
0.212463540541
0.214951913421
0.217448660176
0.219681645726
0.221918077665
0.223917818504
0.226006361896
0.228279673859
0.229974654316
0.231814917867
0.233740173772

