-0.0185268992672
-0.0210742218318
-0.0232493419083
-0.025290297357
-0.0270668805434
-0.0288569616008
-0.0302685493511
-0.0315194614185
-0.032428880165
-0.0330851855683
-0.033565388148
-0.0339220182092
-0.0340967323122
-0.0341350401871
-0.0341008728924
-0.0340459790279
-0.0339296770299
-0.0337588534491
-0.0334697275863
-0.0331440177855
-0.0328843777569
-0.0324804632017
-0.0320633862298
-0.0315285675717
-0.0310688127334
-0.0304415244818
-0.0297889497312
-0.029005724878
-0.0282227772722
-0.0273096470763
-0.0263135793375
-0.0253679560866
-0.0243163031284
-0.023142705307
-0.0219383866241
-0.0205816916903
-0.0191733587428
-0.0176064436954
-0.0160103435052
-0.0141843860059
-0.0124563731903
-0.0106058028019
-0.00860834637947
-0.00650730377569
-0.00426994387743
-0.00212163802968
1.75766256176e-05
0.00250948594113
0.00517142544835
0.00757989052745
0.010398205395
0.0132444783744
0.0161852174958
0.0189402184395
0.0218394595272
0.0248134626864
0.0275904255351
0.0307100276222
0.0336540638801
0.0368791273916
0.0401046616718
0.0434553401076
0.0465861056071
0.0500707659779
0.0532795726886
0.0566764239498
0.0603177942401
0.063579195076
0.0670164080027
0.0705895265823

