0.0154756393079
0.0145197342215
0.0144670873706
0.0144294123871
0.0143995646386
0.014394608251
0.0143142737816
0.0141765402583
0.0139275015542
0.0135494121591
0.0129927807942
0.0122528482555
0.0115378664678
0.0107078366359
0.00964315198958
0.00858615120715
0.00747688761026
0.00641751183306
0.00537960833784
0.00430055812742
0.0034017949013
0.00230657759193
0.0012978170944
0.000566386381792
-0.000336275890772
-0.00103855436253
-0.00181370721427
-0.00255404579942
-0.00312876187421
-0.00367902854798
-0.0042518314581
-0.00460587171506
-0.00498916437842
-0.00533505161686
-0.00573842610478
-0.00593386428287
-0.00617493264843
-0.00638312657013
-0.0065794986968
-0.0068585467948
-0.00703233114723
-0.00713997985091
-0.0071647264561
-0.00736962737166
-0.00741663002708
-0.00748228015651
-0.00748103681304
-0.00745660642383
-0.00751619019859
-0.00755862922684
-0.00750114144454
-0.00760579318823
-0.00760250301903
-0.00754458300116
-0.00755575482866
-0.00754751793614
-0.00751921845116
-0.00742358742657
-0.00740077410659
-0.00732309981002
-0.00737285225398
-0.00727202656968
-0.0072350616406
-0.00705382460546
-0.00696500793819
-0.00685873354577
-0.00682815775436
-0.00663306445855
-0.00648874589342
-0.00641523015995

